1 0.47672620287746953 0.48888513096066694 0.012911010667037388 0.07275187007563702
1 0.4610275876345946 0.498989557360061 0.010270122121506943 0.05254301727684897
1 0.44356838002803284 0.5020208852798792 0.011737282424579405 0.05052213199697022
1 0.42713618463362174 0.5000000000000003 0.008802961818434483 0.06264744367624289
1 0.4950657066658746 0.49393734416036394 0.009683258000277917 0.06264744367624296
1 0.5125249142724365 0.48989557360060637 0.011150418303350307 0.07881452591527335
1 0.5286636776062331 0.4888851309606669 0.011737282424579405 0.06871009951587943
1 0.5461228852127948 0.49393734416036394 0.010270122121506874 0.0545639025567278
1 0.5631419447284348 0.49595822944024265 0.010270122121506943 0.046480361437212556
1 0.5797208561531533 0.4929269015204245 0.011150418303350378 0.048501246717091245
1 0.5964464836081788 0.49393734416036394 0.009976690060892395 0.04648036143721249
1 0.6124385309116681 0.5010104426399397 0.012030714485193883 0.04445947615733367
1 0.626963417912085 0.4959582294402427 0.009976690060892537 0.046480361437212424
1 0.6428087491852672 0.49393734416036394 0.009976690060892395 0.0545639025567278
1 0.6592409445796783 0.4909060162405457 0.011150418303350307 0.04850124671709132
1 0.6764067201256254 0.4888851309606669 0.0108569862427359 0.048501246717091245
1 0.6909316071260424 0.5000000000000003 0.012911010667037317 0.058605673116485305
1 0.7069236544295318 0.49595822944024276 0.01261757860642291 0.03839682031769726
1 0.7239427139451715 0.49494778680030366 0.010856986242736148 0.05658478783660645
1 0.7392011810971248 0.4909060162405458 0.011443850363964857 0.048501246717091245
1 0.7554866604612289 0.498989557360061 0.01232414654580822 0.04850124671709132
1 0.7719188558556398 0.498989557360061 0.01232414654580822 0.04445947615733367
1 0.7882043352197436 0.4909060162405458 0.010856986242735758 0.05658478783660655
1 0.8027292222201606 0.4909060162405458 0.011150418303350307 0.048501246717091245
1 0.8193081336448791 0.4959582294402427 0.010270122121507085 0.03435504975793961
1 0.835006748887754 0.49494778680030327 0.010563554182121493 0.048501246717091245
1 0.8507053641306288 0.49494778680030327 0.010270122121506943 0.048501246717091245
1 0.8658171152522747 0.4979791147201215 0.009976690060892395 0.050522131996970074
1 0.8819558785860713 0.4909060162405457 0.01056355418212135 0.04850124671709132
1 0.8980946419198679 0.49595822944024265 0.01115041830335045 0.030313279198182032
1 0.9133531090718211 0.4909060162405457 0.012324146545808361 0.05658478783660648
1 0.9294918724056177 0.4898955736006063 0.01056355418212135 0.054563902556727724
1 0.9469510800121793 0.4989895573600609 0.010856986242735758 0.04850124671709132
1 0.9642635715884339 0.4979791147201215 0.010270122121506802 0.050522131996970074
1 0.9810736320903658 0.49191645888048513 0.010270122121506943 0.058605673116485305
1 0.9950116549695538 0.499326366433997 0.009976690060892395 0.057258405984478816
1 0.4095302609967527 0.49393734416036383 0.013497874788266204 0.06264744367624296
1 0.3926579175114199 0.49191645888048513 0.01203071448519374 0.06668921423600067
1 0.37519870990485815 0.49898955736006095 0.012911010667037245 0.04445947615733374
1 0.35950009466198324 0.4949477868003034 0.01203071448519374 0.05254301727684897
0 0.34189417102511427 0.5070730984795762 0.010856986242735971 0.09700249343418257
1 0.3253152596003959 0.49393734416036394 0.01173728242457937 0.050522131996970004
1 0.3055085955089183 0.4979791147201216 0.015551899212567619 0.04648036143721249
1 0.2874625237811276 0.4949477868003034 0.013497874788266273 0.05658478783660662
0 0.27073689632610204 0.5020208852798791 0.015258467151953139 0.0666892142360006
1 0.2510769482649316 0.48686424568078807 0.012911010667037282 0.06062655839636413
1 0.23288416050683358 0.49595822944024276 0.014671603030724149 0.05052213199697014
1 0.20559497886968664 0.4969686720801822 0.010563554182121421 0.04850124671709132
1 0.18916278347527554 0.4909060162405457 0.009976690060892466 0.05658478783660648
1 0.1709699957171776 0.4949477868003034 0.012324146545808325 0.04445947615733367
1 0.1545378003227665 0.49898955736006095 0.01525846715195316 0.04445947615733374
1 0.12784015221961684 0.49392738616751375 0.011361689386992797 0.051350694961720435
1 0.11079761813912764 0.49759529295049376 0.012781900560366903 0.053795966150373783
1 0.09766066478541723 0.4914821149788604 0.013492006147053957 0.05624123733902714
1 0.08026307791158448 0.5000405641391471 0.012781900560366903 0.06357705090498719
1 0.04795327371732371 0.5024858353278004 0.014912217320428054 0.04890542377306702
0 0.06588343978117173 0.489036843790207 0.01100663659364928 0.09047503398017405
0 0.029845581256803932 0.49759529295049376 0.012781900560366908 0.048905423773067086
