1 0.45329253738608644 0.5021234804003446 0.007033186341655977 0.036806993605978416
1 0.4364371425328074 0.5035391340005745 0.006305615340795043 0.03397568640551846
1 0.46942036123850445 0.49999999999999956 0.007275710008609692 0.03256003280528851
1 0.4854269232574457 0.49999999999999967 0.00921589934423892 0.04388526160712814
1 0.5010696997759565 0.49787651959965473 0.009458423011192565 0.04530091520735802
1 0.51622742896056 0.5014156536002295 0.0082458046764242 0.02689741840436881
1 0.016976656686755853 0.49787651959965473 0.006790662674702339 0.04813222240781791
1 0.03407457520698854 0.49999999999999967 0.00897337567728524 0.03822264720620822
1 0.04911104255811515 0.49929217319988467 0.009943470345099854 0.03114437920505857
1 0.06426877174271858 0.4964608659994248 0.007275710008609648 0.036806993605978416
1 0.07906271542689154 0.4957530391993099 0.0067906626747023325 0.03256003280528851
1 0.09409918277801817 0.5014156536002297 0.004850473339073105 0.04388526160712814
1 0.10949943562957526 0.5035391340005745 0.005578044339934092 0.042469608006898196
1 0.12635483048285429 0.5042469608006895 0.005335520672980429 0.04671656880758796
1 0.14175508333441136 0.5021234804003446 0.0055780443399340565 0.03680699360597835
1 0.1581254308537831 0.5028313072004597 0.005820568006887719 0.04388526160712807
1 0.18734953272169855 0.5007078268001147 0.0050929970060267496 0.03114437920505864
1 0.20202221457239466 0.49787651959965484 0.005335520672980359 0.03680699360597835
1 0.2166948964230908 0.5021234804003446 0.0050929970060267496 0.05379483680873754
1 0.23197388744117106 0.5014156536002298 0.005092997006026785 0.03539134000574848
1 0.17255558903752558 0.5063704412010346 0.004607949672119424 0.025481764804138933
1 0.2478591876266355 0.5014156536002297 0.00485047333907314 0.03256003280528859
1 0.2635019641451462 0.5007078268001147 0.005578044339934074 0.036806993605978416
1 0.27962978799756427 0.5056626144009195 0.004365426005165745 0.029728725604828695
1 0.29442373168173724 0.5007078268001147 0.007275710008609621 0.03397568640551846
1 0.30933893719938704 0.49716869279953985 0.005578044339934109 0.03822264720620836
1 0.32498171371789725 0.5014156536002277 0.005820568006888662 0.03822264720620802
1 0.3405032284029317 0.49929217319988484 0.005335520672980465 0.03114437920505857
1 0.35638852858839615 0.5007078268001147 0.00460794967211946 0.03397568640551853
1 0.37324392344167506 0.4978765195996548 0.005820568006887754 0.03397568640551853
1 0.38961427096104684 0.5014156536002298 0.00606309167384147 0.03539134000574848
1 0.421142347665022 0.5042469608006895 0.006063091673841399 0.03256003280528851
1 0.5312480924619813 0.49716869279953985 0.006063091673841328 0.03256003280528859
1 0.5477397018148299 0.4978765195996548 0.007033186341655977 0.036806993605978416
1 0.40513578564608077 0.5007078268001146 0.006548139007748688 0.031144379205058713
1 0.5646472790678573 0.5008564704281387 0.007923248199375834 0.04796234397579035
1 0.580347048648102 0.49999999999999967 0.006455980014306349 0.05652704825718146
1 0.5961935450468538 0.4957176478593041 0.007629794562362022 0.051388225688346695
1 0.6124802219011266 0.49999999999999967 0.006162526377292323 0.04624940311951207
1 0.6287668987553994 0.5017129408562779 0.006455980014306278 0.04282352140695558
1 0.6447601219726582 0.4974305887155823 0.010857784569515161 0.04796234397579027
1 0.6611935256454379 0.49914352957186053 0.009683970021459487 0.051388225688346764
1 0.6770400220441897 0.49999999999999967 0.006749433651320231 0.04624940311951207
1 0.6918594307133926 0.502569411284417 0.010564330932501207 0.051388225688346764
1 0.7075592002936375 0.4999999999999998 0.009683970021459487 0.035971757981842815
1 0.7242860576034311 0.5008564704281389 0.007923248199375905 0.05481410740090311
1 0.7393989199096482 0.5025694112844171 0.009390516384445675 0.03768469883812095
1 0.7526043335752749 0.4999999999999998 0.00410835091819493 0.025694112844173417
1 0.7693311908850683 0.4965741182874433 0.005869072740278369 0.03939763969439923
1 0.7842973263727785 0.4991435295718607 0.008803609110417625 0.034258817125564535
1 0.8013176373195858 0.501712940856278 0.006455980014306135 0.04282352140695572
1 0.8176043141738586 0.5025694112844171 0.006162526377292323 0.03768469883812095
1 0.8341844446651453 0.5034258817125562 0.0070428872883340436 0.042823521406955646
1 0.8488571265158414 0.5068517634251127 0.00821670183638986 0.04282352140695558
1 0.8978247791124261 0.5066960415290876 0.0064026248075757415 0.034258817125564535
1 0.9135645650977174 0.5028029941284552 0.007469728942172651 0.035816036085817446
1 0.9291709630661852 0.5004671656880757 0.005602296706629488 0.03114437920505864
1 0.9451775250851264 0.5028029941284552 0.007202952908523627 0.035816036085817446
1 0.9625179672723126 0.5012457751682022 0.006135848773927393 0.032701598165311624
1 0.9775908131734823 0.5004671656880757 0.0064026248075767 0.03737325504607036
0 0.8634157051022322 0.5027587083784445 0.009452200338945999 0.04138062567666971
0 0.8790118356614929 0.49862064581077753 0.01228786044062943 0.04413933405511429
0 0.9948012898135797 0.4990804235247602 0.010397420372840572 0.05609372299685809
