1 0.4917818427565039 0.49224192432599667 0.010518035891544063 0.06428119844171835
1 0.4652919745852095 0.4855921451768557 0.013634490970519976 0.07758075674000658
1 0.4386073279714776 0.48448384865199856 0.010907592776416024 0.09753009418743709
1 0.4130913520123616 0.491133627801142 0.01285537720077599 0.0664977914914342
1 0.3875753760532455 0.4900253312762846 0.010907592776415948 0.07314757064057738
1 0.025710754401551954 0.4811589590774269 0.00934936523692798 0.08201394283943557
1 0.006038131715515989 0.49556681390057095 0.012076263431031978 0.08866372198857896
1 0.05044761659092391 0.48448384865199856 0.013634490970519976 0.08866372198857896
1 0.07421058656811587 0.49113362780114206 0.013634490970519986 0.0709309775908632
1 0.09894744875748782 0.48780873822657034 0.012465820315903996 0.09088031503829357
1 0.12796943668045177 0.4822672556022842 0.012855377200775973 0.09309690808800788
1 0.15445930485174772 0.48115895907742695 0.012855377200775954 0.07314757064057766
1 0.17646926884701566 0.4867004417017131 0.01168670654615994 0.07536416369029225
1 0.19828445439984763 0.4822672556022842 0.010128479006672002 0.08866372198857903
1 0.2226317597043476 0.49113362780114206 0.012076263431031969 0.07979734978972118
1 0.24269393927525548 0.4867004417017131 0.007012023927695985 0.08423053588914996
1 0.2635352326159075 0.48337555212714145 0.008180694582311965 0.07758075674000665
1 0.2890512085750234 0.48448384865199867 0.007791137697440007 0.09309690808800802
1 0.31300895699465137 0.4855921451768559 0.008180694582312036 0.07758075674000665
1 0.3354084778747913 0.4822672556022842 0.010907592776415953 0.1063964663862948
1 0.36034011850659936 0.4855921451768559 0.013244934085647983 0.09974668723715134
1 0.515773315570527 0.4889170347514276 0.011686706546159869 0.0886637219885791
1 0.5401206208750269 0.48448384865199856 0.014413604740263963 0.07536416369029218
1 0.5632992555249109 0.4889170347514275 0.013244934085647983 0.10196328028686587
1 0.5909577943508225 0.49002533127628406 0.011686706546159265 0.07314757064057763
1 0.6129677583460907 0.4944585173757137 0.01519271851000795 0.07314757064057766
1 0.6382889558627707 0.48115895907742684 0.01285537720077592 0.0864471289388645
1 0.6608832551853467 0.48448384865199856 0.012076263431032146 0.08423053588914996
1 0.6873731233566427 0.4789423660277118 0.012855377200775779 0.0908803150382934
1 0.7147519326153645 0.4881988586033201 0.016592006840468087 0.07670741907841908
1 0.7443064447999483 0.4881988586033201 0.0145180059854097 0.10621027257011882
1 0.7678982045262392 0.48229828790498014 0.015036506199174227 0.10030970187177886
1 0.7935639651075885 0.48524857325415005 0.013481005557880366 0.10621027257011875
1 0.8179334751545261 0.49262428662707497 0.013481005557880508 0.0973594165226089
1 0.8397104841326406 0.48672371592873503 0.011407004702821837 0.08555827512592906
1 0.8599319924694612 0.48377343057956507 0.0145180059854097 0.10916055791928869
1 0.8824867517682228 0.48377343057956507 0.013999505771645033 0.11506112861762872
1 0.9032267603188079 0.4881988586033201 0.015036506199174085 0.088508560475099
1 0.9335590228240388 0.4881988586033201 0.012444005130351172 0.11211084326845872
