1 0.018651560061094037 0.5135559877942026 0.008289582249375127 0.08463426574525627
1 0.040670762910996715 0.5086732416935148 0.00777148335878918 0.09439975794663198
1 0.06243091631560642 0.5103008237270774 0.005699087796445399 0.06510328134250486
1 0.08626346528255992 0.5103008237270774 0.006735285577617311 0.10416525014800776
1 0.10776456924187665 0.5151835698277654 0.008289582249375123 0.07486877354388057
1 0.13056092042765827 0.5103008237270774 0.010361977811718912 0.10416525014800776
1 0.15180297494168202 0.5021629135592643 0.009325780030547026 0.08788942981238158
1 0.17252693056511983 0.51192840576064 0.009325780030547008 0.08137910167813103
1 0.19040134229033495 0.5086732416935148 0.01088007670230489 0.0683584454096301
1 0.21060719902318684 0.5151835698277654 0.009843878921132969 0.09439975794663198
1 0.22796351185781596 0.5086732416935148 0.012434373374062667 0.09439975794663198
1 0.24972366526242573 0.5005353315257017 0.013470571155234588 0.09114459387950674
1 0.2694114231046916 0.4956525854250139 0.011398175592890816 0.08137910167813103
1 0.29039442817342237 0.5200663159284532 0.00984387892113304 0.08463426574525627
1 0.31137743324215306 0.5086732416935148 0.011398175592890745 0.0748687735438805
1 0.33313758664676285 0.51192840576064 0.009325780030547008 0.08788942981238151
1 0.35541583894195855 0.51192840576064 0.012434373374062701 0.08788942981238151
1 0.3787302890183261 0.5054180776263896 0.01139817559289078 0.08137910167813103
1 0.399454244641764 0.5135559877942026 0.01139817559289078 0.09114459387950674
1 0.41991915081990866 0.5070456596599522 0.009843878921132969 0.10416525014800776
1 0.443751699786862 0.516811151861328 0.012952472264648589 0.06510328134250484
1 0.46577090263676496 0.51192840576064 0.013470571155234623 0.07486877354388057
1 0.48597675936961676 0.5070456596599522 0.012434373374062559 0.0781239376110058
1 0.5072188138836407 0.5086732416935148 0.011398175592890851 0.08137910167813103
1 0.5300151650694223 0.5070456596599522 0.009325780030546937 0.08463426574525627
1 0.549184824021102 0.5103008237270774 0.01036197781171893 0.07161360947675532
1 0.570167829089833 0.5086732416935148 0.009843878921132898 0.08788942981238151
1 0.5924460813850285 0.503790495592827 0.011916274483476812 0.08463426574525627
1 0.6144652842349312 0.4891422572907633 0.012434373374062701 0.09439975794663198
1 0.636225437639541 0.51192840576064 0.012434373374062701 0.08137910167813103
1 0.6590217888253227 0.5103008237270774 0.011398175592890851 0.08463426574525627
1 0.682595288346983 0.5086732416935148 0.012952472264648662 0.06835844540963003
1 0.7022830461892491 0.5054180776263896 0.01088007670230482 0.08788942981238151
1 0.7237841501485659 0.5054180776263896 0.011398175592890709 0.06835844540963003
1 0.7450262046625895 0.49728016745857645 0.014506768936406473 0.09114459387950667
1 0.7667863580671991 0.5021629135592643 0.014506768936406473 0.08137910167813096
1 0.7893236598076879 0.5021629135592643 0.00984387892113304 0.08137910167813096
1 0.8080443610379064 0.5075881787261628 0.010880076702304958 0.07269864760917669
1 0.8285092672160507 0.5043330146590375 0.011398175592890844 0.0726986476091768
1 0.8502694206206616 0.5005353315257017 0.014506768936406473 0.09114459387950681
1 0.8707343267988066 0.5005353315257017 0.012952472264648662 0.08463426574525627
1 0.8891268374146076 0.49728016745857645 0.013470571155234694 0.09765492201375729
1 0.9114050897098034 0.5103008237270774 0.014506768936406473 0.08463426574525627
1 0.9300566497708971 0.5070456596599522 0.01243437337406263 0.09114459387950674
1 0.951298704284921 0.503790495592827 0.015542966717578394 0.09114459387950681
1 0.9735769565801167 0.516811151861328 0.01347057115523441 0.09765492201375729
