0 0.49295453372861175 0.5063817800609657 0.014888532498027941 0.10523607363474674
0 0.4477674387971189 0.5063817800609656 0.013293332587524914 0.09521359043143754
0 0.471818134914447 0.501370538459311 0.012495732632273543 0.08185027949369193
1 0.007843066226639767 0.5038761592601384 0.009305332811267518 0.05679407148541884
1 0.025257331916297553 0.49301846912322006 0.009571199463018014 0.05846448535263697
1 0.041475197673078085 0.49218326218961095 0.01063466607002002 0.08017986562647379
1 0.05809186340748437 0.4946888829904383 0.011963999328772542 0.06514614082150985
1 0.07497439579364115 0.49635929685765645 0.010634666070020025 0.07516862402481912
1 0.08840066170704144 0.4946888829904383 0.009305332811267508 0.07516862402481912
1 0.10355506085681998 0.49134805525600184 0.008773599507766523 0.07516862402481912
1 0.11658252679259448 0.4930184691232201 0.009305332811267508 0.06514614082150985
1 0.130673459335371 0.49301846912322006 0.013027465935774512 0.07516862402481919
1 0.1470242584180268 0.4946888829904383 0.009039466159517015 0.07516862402481912
1 0.16297625752305683 0.49134805525600184 0.009571199463017982 0.06848696855594624
1 0.17799772334696015 0.49134805525600195 0.010900532721770552 0.05512365761820078
1 0.19421558910374068 0.49468888299043834 0.010900532721770481 0.055123657618200636
1 0.20963585490526968 0.49552408992404734 0.009305332811267527 0.06347572695429164
1 0.22585372066205017 0.49218326218961095 0.009837066114768511 0.07015738242316445
1 0.24247038639645652 0.49218326218961095 0.009571199463018019 0.08017986562647372
1 0.259050929171525 0.49442119916821636 0.008952873391041862 0.07581524123281923
1 0.27559428217671106 0.4968668521112105 0.010899150215181414 0.07092393534683097
1 0.29408391200603673 0.4956440256397135 0.009731384120697654 0.08315220006180184
1 0.3106272650112228 0.49931250505420466 0.00934212875586983 0.0709239353468309
1 0.326781362651581 0.4919755462252222 0.009731384120697725 0.0709239353468309
1 0.3437139710215949 0.4821929344532455 0.008563618026214002 0.07092393534683097
1 0.36064657939160866 0.4846385873962395 0.010509894850353509 0.07581524123281931
1 0.37835769849127876 0.4931983726967193 0.010899150215181522 0.07826089417581343
1 0.3949010514964648 0.48586141386773674 0.010509894850353519 0.08804350594779016
1 0.41086052145440904 0.48586141386773685 0.011288405580009311 0.07336958828982518
0 0.5118722886272511 0.5042038109401931 0.01089915021518145 0.08559785300479597
1 0.42720924677718114 0.4919755462252222 0.009731384120697796 0.08559785300479589
1 0.525301598713814 0.49931250505420466 0.007395851931730277 0.0709239353468309
1 0.5391201641652047 0.49564402563971344 0.008563618026214144 0.05869567063186018
1 0.5507978251100419 0.49564402563971344 0.010120639485525657 0.05869567063186018
1 0.5626701137372931 0.4931983726967193 0.011288405580009382 0.06847828240383677
1 0.5772671899183397 0.49197554622522227 0.008563618026213788 0.07581524123281938
1 0.5908911276873164 0.4919755462252222 0.01089915021518138 0.06603262946084264
1 0.6062667145980187 0.5005353315257018 0.01050989485035359 0.06358697651784845
1 0.6198906523669955 0.4809701079817485 0.008174362661385999 0.07336958828982511
1 0.6350716115952839 0.49442119916821636 0.009731384120697725 0.046467405916889186
1 0.6518095922828836 0.49319837269671823 0.008952873391042608 0.06847828240383662
1 0.6671851791935864 0.4956440256397135 0.01089915021518138 0.06358697651784836
1 0.6868425751173958 0.4919755462252222 0.008174362661385999 0.0709239353468309
1 0.702412789710512 0.4931983726967193 0.009731384120697725 0.07826089417581343
1 0.7173991212563865 0.49197554622522227 0.010120639485525657 0.07581524123281938
1 0.7331639635319168 0.49564402563971344 0.008952873391041862 0.07336958828982511
1 0.7504858272667587 0.49442119916821636 0.009342128755869794 0.07092393534683104
1 0.7651427756310818 0.4978451132884082 0.009848160730145992 0.0753261106442205
1 0.7833404639367865 0.5018804406443484 0.009419979828835351 0.07263589240692689
1 0.798969066834627 0.4938097859324678 0.009848160730145992 0.06725545593233974
1 0.8135272174791908 0.4938097859324672 0.008135437124902969 0.05649458298316536
1 0.830226272630308 0.4978451132884082 0.010704522532767555 0.0753261106442205
1 0.8460689659788038 0.4938097859324678 0.008991798927524712 0.06725545593233974
1 0.8623398402286103 0.4911195676951742 0.009848160730145992 0.06725545593233967
1 0.8790388953797276 0.4965000041697614 0.010704522532767413 0.07263589240692696
1 0.8974506741360877 0.49919022240705496 0.008991798927524712 0.07263589240692696
1 0.9154342719911369 0.4938097859324678 0.00984816073014585 0.07263589240692682
1 0.9338460507474972 0.4978451132884082 0.008991798927524712 0.08608698359339485
1 0.950973286799925 0.49784511328840814 0.013273607940631536 0.06456523769504613
1 0.968100522852353 0.4938097859324678 0.008991798927524712 0.07263589240692682
1 0.9847995780034702 0.5005353315257017 0.011560884335388693 0.09146742006798192
