1 0.4619889659160546 0.4931183505544379 0.00859649087362257 0.0638116584952131
1 0.44082180748900207 0.4905493621394033 0.011688007026089887 0.07598786008743821
1 0.40328903700481583 0.4979849154093505 0.010649795782213829 0.056422368538186586
1 0.4224586694128007 0.4889170347514276 0.010649795782213757 0.07858829903533135
1 0.4781926006730529 0.49395474622805147 0.009229823011251952 0.07254304526338289
1 0.49452228753911415 0.49596983081870094 0.012779754938656468 0.060452537719485736
1 0.5131594301579884 0.4858944078654534 0.010294802589473235 0.08060338362598095
1 0.5312640829877517 0.48790949245610293 0.013134748131397131 0.06448270690078481
1 0.5523861779558092 0.48992457704675246 0.01135978216769466 0.0725430452633828
1 0.572265796749275 0.4899245770467524 0.009229823011251952 0.06448270690078474
1 0.5900154563862979 0.4929472039327267 0.009229823011252023 0.07052796067273327
1 0.015087210691469566 0.4889170347514278 0.00887482981851151 0.07052796067273327
1 0.033014366924862815 0.4969773731140258 0.009229823011251975 0.06649779149143427
1 0.05147401294736675 0.4939547462280515 0.010649795782213811 0.08463355280727995
1 0.07312859770453482 0.48992457704675246 0.012779754938656556 0.08463355280727995
1 0.09212073351614947 0.4939547462280515 0.009584816203992421 0.06851287608208381
1 0.11182285571324499 0.4858944078654534 0.010649795782213811 0.06851287608208373
1 0.13170247450671077 0.48992457704675246 0.010649795782213776 0.07657321444468188
1 0.15193708649291704 0.4909321193420773 0.011359782167694732 0.07455812985403235
1 0.17270418826823394 0.4889170347514278 0.009584816203992404 0.07455812985403241
1 0.1913413308871081 0.4929472039327268 0.007809850240290111 0.07455812985403228
1 0.2087359973313907 0.4929472039327267 0.009229823011251952 0.06649779149143427
1 0.2257756705829328 0.48790949245610293 0.008519836625771049 0.06851287608208373
1 0.24405782000906648 0.4929472039327267 0.008164843433030634 0.07052796067273327
1 0.261452486453349 0.4929472039327267 0.008164843433030563 0.054407283947537195
1 0.279202146090372 0.48790949245610293 0.009584816203992368 0.05239219935688759
1 0.30050173765479965 0.491939661637402 0.0088748298185115 0.05239219935688773
1 0.3226888122010784 0.4899245770467524 0.009939809396732856 0.06448270690078474
1 0.34434339695824645 0.4889170347514276 0.010649795782213757 0.06649779149143427
1 0.3661754783117848 0.4858944078654534 0.008164843433030526 0.07657321444468196
1 0.384812620930659 0.4869019501607781 0.009229823011251881 0.07858829903533142
1 0.6093458153390001 0.49395474622805147 0.007454857047549624 0.07254304526338289
1 0.6276279647651338 0.49093211934207714 0.009939809396732785 0.0584374531288362
1 0.647152590365859 0.4858944078654534 0.009229823011252023 0.0725430452633828
1 0.6629497874428096 0.4858944078654534 0.010294802589473448 0.07657321444468188
1 0.6805219504834625 0.491939661637402 0.009939809396732785 0.05642236853818666
1 0.6968516373495237 0.4929472039327267 0.010649795782213829 0.07052796067273327
1 0.7140688071974358 0.49193966163740205 0.011714775360435255 0.08060338362598087
1 0.733415936201791 0.4929472039327267 0.009939809396732925 0.07858829903533142
1 0.7516980856279248 0.48287178097947914 0.009584816203992262 0.07858829903533128
1 0.7708677180359096 0.4919396616374019 0.011714775360435113 0.0725430452633828
1 0.7879073912874517 0.4969773731140258 0.009584816203992262 0.05843745312883612
1 0.805124561135364 0.4929472039327267 0.009939809396732925 0.06246762231013527
1 0.8253655007469201 0.489674001277905 0.014552874937756567 0.07375713372924914
1 0.8427769761188793 0.48377343057956523 0.014033129404265168 0.06785656303090924
1 0.861747688091312 0.49409942930166006 0.010394910669826203 0.07670741907841915
1 0.8775999268627968 0.4852485732541501 0.015072620471247973 0.07670741907841915
1 0.8978700026689578 0.4867237159287352 0.009875165136334801 0.08555827512592906
1 0.9150216052741709 0.49704971465083 0.011954147270300126 0.07080684838007927
1 0.9345120627800949 0.4852485732541501 0.013513383870774049 0.08260798977675911
1 0.9542623930527647 0.4837734305795652 0.013513383870773908 0.0737571337292492
1 0.9721936139582149 0.4837734305795652 0.015072620471247973 0.061955992332569425
1 0.9929834352978673 0.4872154226506332 0.014033129404265026 0.0629394057763654
