1 0.46531648679436644 0.500729357715559 0.009184484333199166 0.05002591587382483
1 0.4815101828555332 0.4942974542460672 0.009184484333199166 0.060031099048589665
1 0.4326873977158958 0.49787073395134046 0.00676751477183096 0.047167292109606296
1 0.4984289697851105 0.49787073395134046 0.01063466607002006 0.06717765845913604
1 0.5146226658462774 0.49715607801028583 0.009184484333199095 0.05431385152015253
1 0.5303329679951706 0.4964414220692312 0.00870109042092551 0.06146041093069904
1 0.4488129195251301 0.4896560569178531 0.009342128755869865 0.062151869139907064
1 0.41689397960924124 0.4919579779971076 0.008563618026214548 0.062151869139906946
1 0.40073988196888344 0.4919579779971089 0.008174362661385999 0.05294418482288371
1 0.5461798410091291 0.49373673519471567 0.008492844323518014 0.05859435474469343
1 0.5608653843185455 0.4989683740112062 0.006723501756118324 0.06068701027128973
1 0.5773202701953616 0.495829390721312 0.008492844323518014 0.0627796657978859
1 0.5925366162749981 0.4905977519048214 0.007785107296558138 0.06068701027128973
1 0.622792374177531 0.5031536850643987 0.009554449863957828 0.06487232132448213
1 0.6399549970813068 0.495829390721312 0.009908318377437695 0.07115028790427061
1 0.656409882958123 0.49373673519471567 0.007431238783078271 0.05859435474469343
1 0.6718031632944994 0.4937367351947158 0.007785107296558209 0.05440904369150111
0 0.6854271010634764 0.5021073573011007 0.013093134998756764 0.05440904369150105
0 0.7008203813998526 0.5021073573011006 0.010616055404397428 0.05859435474469343
0 0.7167444645064487 0.49164407966811957 0.012031529458317038 0.0585943547446935
0 0.7321377448428251 0.4958293907213118 0.012385397971797118 0.05440904369150111
0 0.7501850390303008 0.4905977519048214 0.013800872025716728 0.06905763237767445
0 0.765932187880157 0.48955142414152336 0.01344700351223679 0.06277966579788596
0 0.7830948107839331 0.4947830629580137 0.013093134998756853 0.05650169921809727
0 0.8004343679444489 0.4989683740112062 0.012385397971797118 0.06068701027128973
1 0.8179508593617064 0.4926904074314131 0.0070773702695976805 0.07324294343086667
0 0.8310439943604618 0.4989683740112062 0.012739266485277057 0.05650169921809734
0 0.8471288021766762 0.5000147017745042 0.010616055404397428 0.04603842158511626
1 0.8657068991343718 0.49792204624790815 0.007431238783078271 0.05022373263830865
1 0.8819848507544481 0.5000147017745042 0.007431238783078271 0.0627796657978859
0 0.8961395912936446 0.49478306295801383 0.009554449863957757 0.06905763237767445
1 0.9138330169676404 0.48955142414152336 0.00884671283699788 0.06277966579788596
1 0.9295801658174966 0.5000147017745042 0.011323792431357305 0.07533559895746315
1 0.9458581174375728 0.4989683740112062 0.009908318377437695 0.06905763237767445
1 0.9610744635172094 0.4916440796681195 0.009200581350477677 0.06277966579788583
1 0.9766446781103255 0.5021073573011006 0.007785107296558351 0.0585943547446935
1 0.9934534325006217 0.5052463405909948 0.0095544498639579 0.06905763237767439
0 0.6064982130103332 0.4989683740112062 0.011323792431357305 0.05650169921809727
0 0.3814378384371065 0.49687571848461 0.010616055404397428 0.048131077111712495
0 0.3667522951276899 0.49792204624790815 0.010969923917877438 0.05440904369150111
0 0.35065127776435373 0.4916440796681195 0.012739266485276915 0.06696497685107829
0 0.3361426687116772 0.5000147017745042 0.01203152945831718 0.05022373263830872
0 0.3196877828348611 0.4989683740112062 0.013800872025716764 0.043945766058520165
0 0.30500223952544464 0.4958293907213119 0.01344700351223679 0.05022373263830872
0 0.2894320249323282 0.495829390721312 0.012739266485276879 0.0627796657978859
0 0.273507941825732 0.4958293907213119 0.013447003512236827 0.05440904369150104
0 0.24395992095015898 0.48955142414152336 0.011677660944837243 0.05440904369150118
1 0.26236108365111455 0.4853661130883306 0.007431238783077977 0.06696497685107836
0 0.22980518041096232 0.49164407966811957 0.010969923917877402 0.05440904369150118
0 0.21529657135828578 0.495829390721312 0.012385397971797012 0.046038421585116396
0 0.19760314568428997 0.5010610295378024 0.013093134998756922 0.0439457660585201
0 0.180617457037254 0.49164407966811957 0.013800872025716728 0.05440904369150118
0 0.16310096561999812 0.49164407966811957 0.010616055404397499 0.05440904369150118
0 0.1490604904084069 0.4915394468917887 0.011552323086567591 0.08391548661650754
0 0.13041972452157544 0.48724950306226744 0.012739266485277003 0.06696497685107829
0 0.11414177290149928 0.492481141878758 0.012739266485276986 0.07324294343086685
0 0.09908318377437655 0.4903884863521617 0.010616055404397499 0.05650169921809734
1 0.08528231174865983 0.493527469642056 0.0092005813504778 0.05022373263830872
0 0.06865049161510375 0.49457379740535407 0.012739266485276967 0.06905763237767445
0 0.05414188256242719 0.49352746964205596 0.011323792431357322 0.06696497685107822
1 0.041402616077150206 0.4998054362218434 0.007785107296558149 0.05440904369150095
1 0.02583240148403389 0.4945737974053534 0.009200581350477823 0.07324294343086678
1 0.010969923917877407 0.4956201251686522 0.01061605540439749 0.06277966579788576
