1 0.08755043227665704 0.381844380403458 0.061702209414024975 0.10662824207492787
1 0.25347934678194045 0.3631123919308357 0.06670509125840535 0.1786743515850144
1 0.41107012487992306 0.37319884726224783 0.06503746397694521 0.17002881844380402
1 0.5753314121037464 0.39625360230547557 0.06670509125840546 0.17002881844380405
1 0.7395926993275697 0.371757925072046 0.06837271853986561 0.25936599423631107
1 0.9046878001921229 0.38760806916426516 0.0683727185398655 0.18731988472622482
1 0.09088568683957732 0.7219020172910663 0.0583669548511047 0.14121037463976946
1 0.2534793467819404 0.7204610951008646 0.06336983669548509 0.1095100864553315
1 0.4152391930835735 0.7046109510086456 0.06336983669548509 0.15273775216138333
1 0.5761652257444765 0.7089337175792507 0.06503746397694528 0.20749279538904908
1 0.7362574447646493 0.6930835734870316 0.0683727185398655 0.18731988472622477
1 0.9013525456292026 0.6988472622478387 0.08171373679154655 0.20461095100864563
