0 0.00805265583831459 0.4963726163542069 0.015066259310395038 0.1665701761467637
0 0.028833703162997402 0.5079657704427588 0.015066259310395038 0.1688743333864889
0 0.047796408846770486 0.5191178490626213 0.012468628394809693 0.2230415723972495
1 0.4165371347219577 0.4975191891047002 0.008292150648515247 0.09054959767843165
0 0.08949455273092723 0.48573533735202773 0.01395508279872086 0.10915567939317788
1 0.11952831788469606 0.4906969591426267 0.012134854607583368 0.11659811207907643
1 0.13924745662201896 0.4919373645902765 0.017595539180995844 0.10419405760257895
0 0.15825872884056624 0.49503837820940083 0.013146092491548664 0.11039608484082777
0 0.17888798167345793 0.48077371556142867 0.011528111877204171 0.0843475704401829
0 0.1947644164517128 0.4944181754855759 0.013752835221927882 0.08186675954488337
0 0.2204498587044309 0.4875959455235022 0.012539349761169447 0.08062635409723364
0 0.24916901460904484 0.4931777700379261 0.010112378839652792 0.08682838133548244
0 0.2623151071005935 0.5012404054476495 0.005662932150205577 0.0533374342489391
0 0.27889940839762406 0.4993797972761749 0.009303388532480597 0.0669818941730864
0 0.30053989911448104 0.5018606081714744 0.018606777064961156 0.05209702880128937
0 0.3209669043705797 0.49689898638087543 0.010921369146825092 0.054577839696588984
0 0.33370850170854227 0.4999999999999998 0.006876417610963941 0.05333743424893925
0 0.3652591236882589 0.4993797972761749 0.010921369146824986 0.05705865059188845
0 0.39003445184540814 0.5006202027238235 0.007483160341343192 0.08186675954488333
1 0.34412425191338464 0.5024808108952993 0.007483160341343051 0.04341419066774122
1 0.42684351082174443 0.4993797972761749 0.008696645802101414 0.03969297432479195
1 0.4441356786375505 0.49813939182852507 0.01092136914682525 0.054577839696588866
0 0.4551581715727724 0.4950383782094008 0.00788765549492929 0.045895001563040695
0 0.4685014554516944 0.5024808108952967 0.01366182381237033 0.04837581245833987
0 0.4858795784876376 0.5049616217905968 0.017635988696354656 0.048375812458340016
0 0.5050900645693261 0.5011225669301228 0.013146092491548628 0.03473135253419301
0 0.5510235229726809 0.4975191891047002 0.011123616723618071 0.04837581245834024
0 0.5733718802083135 0.4993797972761749 0.012539349761169447 0.04217378522009149
1 0.5869224678534468 0.498139391828525 0.010921369146825037 0.06946270506838616
0 0.6132146528365453 0.49751918910469906 0.008089903071721806 0.02604851440064475
1 0.6241360219833703 0.4950383782094 0.010516873993238586 0.04341419066774116
0 0.6461810078538136 0.5031010136191242 0.010516873993238817 0.05209702880128944
0 0.708877756659661 0.5055818245144237 0.014966320682686244 0.0322505416388934
0 0.7289002667621735 0.5031010136191242 0.01213485460758335 0.042173785220091416
0 0.7447767015404284 0.5024808108952993 0.012337102184376504 0.040933379772441755
1 0.7609274469253355 0.4973699719498984 0.008592862860741804 0.04459308840724312
1 0.7745878955757456 0.5000725833685192 0.008592862860741804 0.041890476988622326
0 0.7997054947071447 0.4966943190952431 0.012558799565699559 0.032431337023449414
0 0.8233909500284201 0.4993969305138639 0.010135171579336627 0.035133948442070274
0 0.8352887601432935 0.49736997194989835 0.010135171579336487 0.039187865570001465
0 0.9932799405832672 0.5048021533511055 0.013440118833465709 0.0216208913489664
0 0.8870809688171754 0.49466736053127747 0.008152203226857467 0.039187865570001465
0 0.9164949993789453 0.5061534590604159 0.005287915606610341 0.03513394844207035
0 0.9332400654665461 0.5007482362231741 0.022032981694207115 0.035133948442070254
1 0.9668046691198695 0.4890432261691279 0.023935309333688207 0.11350967958207311
0 0.5354168833005223 0.4973021181513617 0.015249467290196463 0.07014492806459323
0 0.4070290536345229 0.5028966437973669 0.009445930602128528 0.07531273873153879
0 0.3782189652980308 0.5 0.011335116722554233 0.06372616354207132
1 0.235821561470943 0.4797234934184309 0.009819416449374093 0.13324561467887605
0 0.1682831576657238 0.49565503430394975 0.006139854891383578 0.06662280733943816
0 0.07229206838074038 0.4980722835528523 0.015087040357719728 0.07325322499161097
1 0.06034816143087892 0.4884337013171141 0.00754352017885985 0.12337385261745012
0 0.5172348261468265 0.5044964697477303 0.008211251617798112 0.030575994284566265
0 0.6689963515829153 0.5053957636972748 0.01143710046764874 0.035971757981842656
0 0.6898177396137609 0.5017985878990922 0.017302280194645903 0.043166109578211265
0 0.855509066901472 0.49730211815136177 0.02023487005814516 0.030575994284566265
