0 0.06856417011667294 0.5 0.032649604817463304 0.25
0 0.11019241625893866 0.5364583333333333 0.04734192698532176 0.28125
0 0.04326072638313888 0.5052083333333334 0.02775216409484381 0.2395833333333333
1 0.17324833461367803 0.5085160411888812 0.008007706927476581 0.041806020381790064
1 0.1874438150760231 0.5030967422505029 0.00922099585588235 0.03716090700603587
1 0.2175333805004813 0.4976774433121227 0.012618204855418006 0.051096247133299286
1 0.24604567031801228 0.49535488662424443 0.010919600355650188 0.06503158726056266
1 0.26121178192308203 0.49767744331212266 0.010676942569969086 0.04180602038179046
1 0.27868314249212234 0.49690325774949456 0.013588835998142479 0.049547876008047644
1 0.29372792520435137 0.5023225566878771 0.009706311427244606 0.044902762632293335
1 0.30865137902373996 0.4984516288747484 0.009948969212925717 0.03716090700603587
1 0.32515210845005577 0.49922581443737335 0.008493022498839115 0.03870927813128737
0 0.3968574841188252 0.5015483711252514 0.007279733570433392 0.03406416475553286
0 0.4569152860749013 0.49148395881111656 0.011890231498374601 0.038709278131287064
0 0.47159608210860865 0.487613030997988 0.008250364713157893 0.04954787600804758
0 0.4322855208282681 0.5172901402942632 0.017471360569040303 0.11199883685110218
1 0.49901641189057455 0.496903257749497 0.010191626998606793 0.04025764925653888
0 0.5121199323173551 0.4941161897240444 0.010919600355650231 0.04799950488279642
0 0.5754536143801257 0.5030967422505028 0.007765049141795686 0.030967422505029915
1 0.5350510930642202 0.506193484501006 0.010434284784288367 0.034064164755532846
0 0.5539784003473471 0.5015483711252514 0.011404915927012382 0.030967422505029915
1 0.59814211734131 0.49225814437374255 0.009948969212925646 0.05574136050905373
1 0.6146428467676258 0.4953548866242455 0.008978338070201345 0.04025764925653888
1 0.6440044388350407 0.496903257749497 0.008493022498839195 0.043354391507041894
1 0.6612331416183992 0.5000000000000001 0.01237554706973795 0.046451133757544845
1 0.6740940042594988 0.5007741855626258 0.008493022498839053 0.03561253588078443
1 0.6880468269361631 0.496903257749497 0.010191626998607007 0.04954787600804785
1 0.7032129385412327 0.49380651549899396 0.011890231498374674 0.04954787600804785
0 0.7189856946105051 0.5007741855626258 0.014316809355185709 0.03251579363028135
1 0.744828748785544 0.4984516288747484 0.011162258141331165 0.04025764925653881
1 0.7592668870335703 0.49458070106161967 0.011404915927012524 0.051096247133299355
0 0.7738263541744372 0.5023225566878772 0.010919600355650231 0.044902762632293335
0 0.795301568207216 0.5023225566878772 0.011162258141331307 0.03561253588078436
0 0.8113169820621695 0.496903257749497 0.007765049141795544 0.03406416475553293
0 0.8261191069887175 0.49458070106161967 0.009220995855882421 0.03870927813128738
1 0.8562086724131757 0.4953548866242454 0.006794417999071243 0.04954787600804792
0 0.8953979048006758 0.49380651549899396 0.01431680935518571 0.05574136050905373
1 0.9201489989401495 0.49612907218687113 0.010919600355650089 0.0541929893838023
1 0.9367710572593058 0.49458070106161955 0.009220995855882421 0.04180602038179032
1 0.3727130344435544 0.5010322434791229 0.012375547069736896 0.05470910521679676
1 0.35851755398120916 0.49561294454074273 0.011647573712693458 0.03458028058852726
0 0.41445017358070607 0.5015483711252514 0.00800770692747676 0.052644618258550865
1 0.6284743405514496 0.5015483711252515 0.01091960035565016 0.05574136050905373
1 0.951468442863777 0.5015483711252515 0.010191626998606935 0.05883810275955683
1 0.964086647719195 0.5 0.008250364713157978 0.04645113375754477
1 0.9787674437529023 0.5061934845010059 0.010919600355650089 0.05264461825855072
1 0.5235612469122191 0.5017032082377767 0.009075401184473718 0.07153474598661906
0 0.018551187715321237 0.5017032082377769 0.01841772593319663 0.13625665902213194
