1 0.43472973699525214 0.4950955344666218 0.010102932766519003 0.06496905964611913
1 0.45161226938140886 0.4958689756528851 0.009837066114768547 0.05414088303843265
1 0.46743133516056373 0.5020565051429918 0.010102932766519003 0.0603284125285392
1 0.49308746705448697 0.49896274039793836 0.010900532721770518 0.05414088303843258
1 0.5078430662266398 0.49354865209409515 0.011166399373520904 0.06496905964611913
1 0.5241938653092956 0.4958689756528852 0.009305332811267561 0.051047118293379296
1 0.540411731066076 0.4981892992116751 0.008773599507766577 0.03712517694063955
1 0.5559649301934804 0.49664241683914845 0.008507732856015906 0.0402189416856929
1 0.5720498626243856 0.4981892992116751 0.008773599507766577 0.03712517694063955
1 0.023396265354044075 0.49896274039793775 0.00691253294551298 0.04485958880327275
0 0.05357213032772586 0.49200176972156845 0.011963999328772533 0.114469295566972
0 0.07497439579364115 0.49354865209409515 0.009039466159517015 0.08662541286149221
0 0.08494439523428493 0.5059237110743083 0.007178399597263514 0.08043788337138565
0 0.13871290415515486 0.4970115581545829 0.012622623166811089 0.06880110702204865
1 0.10235866092394269 0.49354865209409515 0.010634666070020046 0.1020942365867589
1 0.16497025741118557 0.49741585802541183 0.009305332811267527 0.04176582405821953
1 0.18358092303372067 0.48658768141772524 0.007710132900764499 0.044859588803272746
0 0.2138897213332777 0.5152050053094682 0.007710132900764499 0.05878153015601256
0 0.25084518592659727 0.5012830639567285 0.011432266025271538 0.07425035388127896
0 0.2614798519966173 0.4958689756528852 0.008773599507766506 0.07579723625380566
0 0.2824833174849068 0.5043768287017818 0.007710132900764464 0.052594000665906006
1 0.3178435821677234 0.5043768287017817 0.003987999776257531 0.03712517694063948
1 0.3009610497815666 0.5012830639567284 0.0031903998210060535 0.03712517694063955
0 0.35675544778728047 0.48801263078723733 0.016217865756780483 0.13687398406770193
0 0.4017245107950063 0.4904548873490419 0.010634666070019989 0.05878153015601256
1 0.587964100346232 0.49896274039793853 0.006646666293762493 0.04485958880327267
1 0.6041819661030126 0.4974158580254119 0.007710132900764464 0.05104711829337944
1 0.6201339652080425 0.4981892992116751 0.006114932990261437 0.04640647117579938
1 0.6363518309648231 0.4920017697215686 0.008241866204265591 0.052594000665906006
1 0.6530481320800638 0.49304746220539664 0.00920058135047796 0.057649212259323124
1 0.6684414124164401 0.4940769124243131 0.010262186890917633 0.04735471007015818
1 0.6831269557258566 0.48995911154864713 0.0063696332426384575 0.05559031182149013
1 0.7018819869402922 0.4951063626432296 0.01061605540439757 0.05353141138365714
1 0.7174522015334085 0.49510636264322955 0.009908318377437695 0.04529580963232526
1 0.7340840216669646 0.49819471329997905 0.01061605540439757 0.03911910831882636
1 0.7508927760572607 0.4940769124243131 0.01026218689091749 0.04323690919449234
1 0.765932187880157 0.49201801198648015 0.01061605540439757 0.04323690919449227
1 0.7809715997030534 0.48687076089189774 0.010969923917877367 0.05353141138365714
1 0.7981342226068294 0.49201801198648015 0.00920058135047782 0.04735471007015825
1 0.8140583057134256 0.49304746220539664 0.012031529458317038 0.04941361050799117
0 0.4205724428068654 0.4963005248971728 0.011989065236699474 0.059790468714669344
0 0.3319389962355507 0.5012830639567284 0.008563618026214002 0.05480792965511355
0 0.3852475184487328 0.490072351072728 0.015842693348495872 0.08719443354222606
0 0.37283027231072247 0.4950548901322837 0.012417246138010256 0.07722935542311454
0 0.23353316839000343 0.49173769001529793 0.01861891983098735 0.12839086369288258
0 0.2021568405266737 0.5057804407317078 0.02206686794783657 0.12437864920248032
0 0.12042323041675704 0.49576394725641776 0.01376765683057993 0.15486746711504956
0 0.0389706376402607 0.5076836689796643 0.010750520728347781 0.13291740676736047
1 0.8295061502053764 0.49901827347511213 0.012456171674493106 0.040766228669092755
1 0.8450763647984926 0.5012830639567284 0.010120639485525799 0.04529580963232526
1 0.8596734409795385 0.49109150678945435 0.011288405580008461 0.07926766685656902
1 0.8750490278902413 0.4922239020302633 0.010120639485525516 0.040766228669092755
1 0.8911992329769515 0.49274480384103525 0.009419979828835493 0.06028872262062492
1 0.9076841976774134 0.49274480384103525 0.01036197781171893 0.04932713668960218
1 0.9234626638907126 0.4872640108755239 0.009890978820277212 0.06028872262062499
1 0.9394884841949345 0.4881061011545977 0.011323792431357447 0.05559031182149013
1 0.9548817645313108 0.49222390203026367 0.010969923917877367 0.04323690919449227
1 0.9693903735839872 0.48501775049784823 0.0116776609448371 0.05764921225932305
1 0.9854913909473235 0.4870766509356811 0.011323792431357307 0.04941361050799123
