0 0.07797619047619046 0.18207282913165257 0.14677871148459382 0.3193277310924368
0 0.23163515406162447 0.18627450980392152 0.1605392156862744 0.35014005602240883
0 0.4105217086834728 0.19607843137254896 0.17888655462184871 0.3137254901960784
0 0.5985819327731092 0.19607843137254904 0.16053921568627452 0.2184873949579832
0 0.0848564425770308 0.5448179271708684 0.14219187675070027 0.3837535014005603
0 0.07912289915966386 0.8515406162464986 0.15824579831932772 0.15126050420168055
0 0.23392857142857137 0.5574229691876751 0.1376050420168067 0.38095238095238104
0 0.2488357843137255 0.8571428571428572 0.14907212885154056 0.1624649859943976
0 0.4219887955182072 0.8655462184873949 0.18347338935574228 0.13445378151260498
0 0.4059348739495798 0.5490196078431373 0.18806022408963582 0.3529411764705882
0 0.6111957282913164 0.5210084033613446 0.16283263305322124 0.23529411764705876
0 0.600875350140056 0.850140056022409 0.16971288515406152 0.21008403361344535
0 0.7591211484593836 0.8585434173669466 0.1330182072829132 0.1876750700280111
0 0.9196953781512605 0.8571428571428572 0.1606092436974791 0.20168067226890757
0 0.7797619047619045 0.5238095238095238 0.16512605042016815 0.20728291316526615
0 0.7614145658263304 0.18907563025210083 0.13760504201680676 0.17647058823529413
0 0.9196953781512605 0.18627450980392155 0.1606092436974791 0.14285714285714282
0 0.9403361344537814 0.5294117647058824 0.11932773109243712 0.23529411764705885
