1 0.11410773695759893 0.28991596638655465 0.08834147377362499 0.18767507002801126
1 0.2714659871168684 0.2871148459383754 0.08282013166277341 0.20448179271708686
1 0.4306646846464217 0.2815126050420168 0.08097968429248958 0.19327731092436973
1 0.5797409216394139 0.2661064425770308 0.11410773695759886 0.20168067226890757
1 0.742620513909535 0.27170868347338933 0.0754583421816379 0.1792717086834734
1 0.8880158561619595 0.273109243697479 0.08282013166277338 0.19327731092436978
0 0.08097968429248956 0.7955182072829124 0.10674594747646352 0.15126050420168058
0 0.18588518439866925 0.8011204481792717 0.08097968429248954 0.16246498599439774
0 0.26686486869115883 0.7955182072829132 0.08466057903305728 0.14565826330532217
0 0.3552063424647838 0.7899159663865547 0.08466057903305728 0.14005602240896364
0 0.45459050046011185 0.7941176470588235 0.09938415799532806 0.15406162464985995
0 0.5751398032137043 0.7913165266106442 0.138033552771289 0.1260504201680672
0 0.7030508954484321 0.7941176470588235 0.11042684221703127 0.13725490196078438
0 0.8236001982020247 0.7983193277310925 0.12699086854958594 0.16246498599439774
0 0.9294259219933458 0.7899159663865543 0.07361789481135433 0.16806722689075548
