0 0.12203493249942785 0.29691876750700275 0.0717852544114282 0.09523809523809522
0 0.11485640705828512 0.6974789915966386 0.05742820352914256 0.07843137254901976
0 0.17659172585211336 0.6974789915966386 0.03732833229394265 0.05602240896358552
0 0.22971281411657024 0.6988795518207283 0.04594256282331404 0.0644257703081233
0 0.30436947870445563 0.6918767507002801 0.06891384423497109 0.06722689075630256
0 0.37759043820411237 0.6974789915966386 0.043071152646856986 0.05602240896358552
0 0.4436328722626264 0.6932773109243697 0.054556793352685415 0.05882352941176478
0 0.20674153270491324 0.29411764705882354 0.04594256282331404 0.0896358543417367
0 0.31011229905736987 0.29411764705882354 0.06317102388205682 0.09523809523809522
0 0.5082396012329117 0.6988795518207283 0.04019974247039983 0.05882352941176478
0 0.4177901806745122 0.28431372549019607 0.06604243405851391 0.08683473389355739
0 0.5111110114093689 0.2899159663865546 0.06317102388205682 0.08683473389355736
0 0.6101746624971398 0.28291316526610644 0.07752807476434243 0.0784313725490196
0 0.5742820352914256 0.6946778711484594 0.05742820352914258 0.050420168067226996
0 0.16079896988159917 0.48879551820728295 0.06891384423497106 0.08123249299719887
0 0.22109858358719892 0.4901960784313726 0.04019974247039979 0.08963585434173665
0 0.30006236343976994 0.4901960784313726 0.06604243405851391 0.08403361344537813
0 0.4192258857627407 0.4957983193277311 0.08614230529371383 0.08403361344537813
0 0.5312108826445687 0.49299719887955185 0.068913844234971 0.08403361344537813
0 0.6058675472324542 0.48879551820728295 0.07465666458788534 0.092436974789916
0 0.6345816489970254 0.6862745098039216 0.04019974247039983 0.05602240896358552
1 0.14931332917577067 0.09383753501400559 0.05742820352914256 0.09243697478991596
1 0.14931332917577067 0.8893557422969187 0.04594256282331406 0.0644257703081233
1 0.2526840955282273 0.0896358543417367 0.045942562823314076 0.08403361344537817
1 0.34026210591016975 0.09523809523809522 0.05455679335268546 0.0896358543417367
1 0.4307115264685693 0.0896358543417367 0.05742820352914258 0.09523809523809526
1 0.5068038961446831 0.09943977591036415 0.06029961370559974 0.09803921568627452
1 0.5958176116148541 0.09243697478991596 0.03732833229394267 0.10084033613445378
1 0.36897620767474104 0.8753501400560225 0.09475653582308524 0.09243697478991592
1 0.5771534454678827 0.8837535014005602 0.09188512564662808 0.08683473389355739
