1 0.44607393361152425 0.488886457717821 0.009681812934085059 0.06529206090780136
1 0.46277506092282095 0.4986108072147276 0.01016590358078922 0.06807044647834601
1 0.47923414291076555 0.48471887936200386 0.007261359700563829 0.07362721761943554
1 0.4941199302969212 0.48958105411045744 0.00943976761073294 0.06390286812252882
1 0.5105790122848657 0.4895810541104572 0.008471586317324196 0.06390286812252896
1 0.5254647996710214 0.488886457717821 0.01016590358078929 0.0597352897667119
1 0.5405926323805292 0.488886457717821 0.010407948904141477 0.06529206090780136
1 0.5557204650900371 0.4909702468957296 0.01016590358078929 0.055567711410894775
1 0.01173919818257808 0.48680266853991244 0.010892039550845643 0.06112448255198423
1 0.02698805355376198 0.4874972649325485 0.010407948904141394 0.06251367533725649
1 0.042478954248298006 0.4861080721472762 0.00943976761073289 0.0569569041961671
1 0.05942212688294678 0.4826350901840953 0.009923858257437149 0.06390286812252896
1 0.07442893693077855 0.4854134757546401 0.00992385825743714 0.06390286812252896
1 0.09100904158039913 0.48749726493254864 0.009681812934085005 0.0597352897667119
1 0.10625789695158304 0.48541347575464 0.009681812934085023 0.06945963926361848
1 0.12186982030779511 0.4833296865767315 0.00847158631732439 0.06529206090780136
1 0.13820787963406359 0.48471887936200386 0.009197722287380757 0.05973528976671183
1 0.15394082565195175 0.4861080721472763 0.010165903580789273 0.06251367533725663
1 0.16967377166983988 0.4916648432883657 0.009681812934085023 0.06251367533725656
1 0.18734308027454502 0.4819404937914591 0.008229540993972257 0.07084883204889088
1 0.20356011693913748 0.48888645771782047 0.010649994227493438 0.05417851862562235
1 0.22026124425043406 0.48958105411045705 0.010649994227493558 0.05001094026980532
1 0.23708339422340682 0.4874972649325485 0.009439767610732872 0.054178518625622375
1 0.2525742949179428 0.4861080721472762 0.008955676964028676 0.0569569041961671
1 0.26842826359750704 0.4833296865767315 0.008713631640676489 0.0569569041961671
1 0.283798141630367 0.49097024689572955 0.009439767610732943 0.0611244825519843
1 0.2981998383698184 0.4840242829693676 0.00871363164067656 0.06945963926361841
1 0.3129646030942981 0.48471887936200386 0.009681812934084988 0.0819623743310698
1 0.3284555037888341 0.47777291543564204 0.0077454503472679905 0.08751914547215925
1 0.3428572005282856 0.48610807214727614 0.009439767610732872 0.07362721761943554
1 0.35992139582461036 0.48541347575464 0.009681812934084988 0.07779479597525267
1 0.37710661378261134 0.48402428296936767 0.010649994227493525 0.07501641040470795
1 0.3942918317406122 0.4923594396810018 0.011618175520902057 0.08335156711634198
1 0.4114770496986131 0.48958105411045716 0.009681812934084988 0.06945963926361841
1 0.42890431297996623 0.48749726493254864 0.009681812934085049 0.07918398876052508
1 0.5723161670661003 0.4923594396810019 0.007987495670620036 0.06390286812252896
1 0.5873229771139321 0.48888645771782097 0.0070193143772115715 0.05973528976671183
1 0.602571832485116 0.493054036073638 0.007019314377211714 0.07084883204889074
1 0.6180627331796521 0.4944432288589104 0.008955676964028712 0.06529206090780143
1 0.6342797698442445 0.4819404937914591 0.00847158631732448 0.07640560318998034
1 0.6502547611854849 0.4881918613251848 0.00895567696402864 0.06945963926361841
1 0.6647774805866122 0.4826350901840953 0.009923858257437246 0.06390286812252896
1 0.6800263359577962 0.48819186132518483 0.009923858257436961 0.06390286812252903
1 0.6978166672241773 0.4916648432883657 0.0077454503472679905 0.06251367533725656
1 0.7129444999336854 0.48749726493254864 0.0070193143772115715 0.06529206090780136
1 0.7291615365982775 0.4909702468957296 0.007987495670620176 0.06112448255198423
1 0.7453785732628702 0.48680266853991244 0.009439767610732872 0.06390286812252903
1 0.7625637912208709 0.4895810541104572 0.00847158631732441 0.0583460969814395
1 0.7807171904722803 0.49374863246627426 0.009439767610732872 0.07223802483416328
1 0.7977813857686052 0.49374863246627426 0.008229540993972223 0.055567711410894775
1 0.8137563771098455 0.49235943968100193 0.0077454503472679905 0.0583460969814395
1 0.8282364783298459 0.5055434961546895 0.011829457067908748 0.09171674600837791
1 0.8456434201214919 0.4950368702952281 0.008820375993057752 0.08040216895494985
1 0.861987057990981 0.4950368702952281 0.00830153034640702 0.07444645273606461
1 0.8770335817438437 0.4846143669121791 0.008301530346407161 0.0833800270643924
1 0.8923395283200322 0.4846143669121791 0.01297114116626119 0.0833800270643924
1 0.9092020118361717 0.4861032959669004 0.012452295519610886 0.06849073651717945
1 0.9260644953523112 0.4786586506932939 0.014008832459562087 0.0833800270643924
1 0.9439646701617517 0.48461436691217913 0.013489986812911638 0.07146859462662199
1 0.9613459993245417 0.4875922250216216 0.008820375993057468 0.08933574328327751
1 0.9753548317841038 0.4890811540763429 0.009858067286358504 0.07444645273606469
1 0.9940332750635199 0.4791549528051162 0.011933449872960154 0.10223977994469244
