1 0.46917077273008134 0.49903308954290665 0.0039755262665717335 0.03577568691244288
1 0.4849072308685946 0.5033841865998254 0.0036442324110240775 0.036742597369535945
1 0.5003952186154471 0.49854963431436017 0.004141173194345669 0.0406102391979082
1 0.5158832063622997 0.4999999999999997 0.0046381139776671175 0.03577568691244302
1 0.5315368410369259 0.49854963431436017 0.005797642472083808 0.03480877645534988
1 0.5482671807420821 0.5062849179711045 0.0044724670498932535 0.03867641828372207
1 0.0021534100610597056 0.503867641828372 0.004306820122119411 0.028040403255698506
1 0.017061633560703823 0.49854963431436017 0.00563199554431 0.036742597369535945
1 0.03213550398812176 0.49854963431436017 0.005300701688762355 0.036742597369535945
1 0.047789138662748074 0.49951654477145324 0.0067915240387267685 0.036742597369535945
1 0.06385689065680897 0.49854963431436017 0.005135054760988531 0.0406102391979082
1 0.07884793762033998 0.503867641828372 0.005963289399857637 0.029974224169884565
1 0.09408745497553175 0.4999999999999997 0.006625877110952949 0.03190804508407077
1 0.11023432215179796 0.4991435295718606 0.006455980014306278 0.05481410740090311
1 0.12549391127652196 0.4931482365748869 0.007042887288334149 0.05652704825718146
1 0.14251422222332943 0.4974305887155825 0.004108350918194947 0.04796234397579027
1 0.15850744544058823 0.4965741182874433 0.004988711829236703 0.04282352140695572
1 0.1720063127432287 0.4991435295718607 0.006162526377292394 0.03768469883812102
1 0.18755935550496658 0.5042823521406953 0.005575619103264522 0.034258817125564535
1 0.2016451300816349 0.4999999999999998 0.005575619103264522 0.04624940311951221
1 0.21617108511382405 0.5025694112844171 0.005869072740278476 0.03768469883812095
1 0.23275121560511028 0.5008564704281392 0.005575619103264551 0.034258817125565014
1 0.24771735109282075 0.5025694112844171 0.007336340925348104 0.04111058055067737
1 0.26400402794709343 0.5051388225688344 0.005869072740278512 0.049675284832068414
1 0.2789701634348035 0.5017129408562779 0.006455980014306313 0.04624940311951207
1 0.2940830257410205 0.4974305887155824 0.005575619103264557 0.04453646226323386
1 0.3097827953212654 0.4940047070030259 0.007042887288334149 0.0479623439757902
1 0.3240152967164407 0.4965741182874433 0.006749433651320302 0.04282352140695558
1 0.3411823344817551 0.4974305887155825 0.008803609110417625 0.03425881712556439
1 0.35658865042498605 0.4965741182874433 0.00498871182923665 0.04624940311951214
1 0.3736089613717935 0.4965741182874433 0.004401804555208884 0.04282352140695558
1 0.38901527731502455 0.49571764785930417 0.0058690727402784405 0.04796234397579027
1 0.40427486643974847 0.4948611774311651 0.0052821654662506745 0.04282352140695572
1 0.42100172374954203 0.501712940856278 0.007042887288334185 0.04282352140695572
1 0.4368482201482939 0.501712940856278 0.005869072740278369 0.04282352140695572
1 0.4529881701840596 0.49657411828744336 0.00645598001430642 0.053101166544625045
1 0.5653809131603921 0.4965741182874433 0.007042887288334185 0.059952929969737806
1 0.5800535950110883 0.5051388225688344 0.005869072740278583 0.049675284832068414
1 0.5975140864134166 0.5008564704281389 0.00498871182923665 0.054814107400903256
1 0.6127736755381405 0.5008564704281389 0.006162526377292323 0.04111058055067744
1 0.6287668987553994 0.5017129408562779 0.008216701836389789 0.04624940311951207
1 0.6446133951541512 0.5008564704281389 0.005869072740278369 0.034258817125564466
1 0.660166437915889 0.4991435295718607 0.007042887288334038 0.04453646226323401
1 0.6768932952256828 0.4922917661467477 0.00821670183639 0.051388225688346695
1 0.6920061575318996 0.5008564704281389 0.008510155473403813 0.03768469883812095
1 0.7078526539306514 0.4974305887155824 0.006162526377292465 0.04796234397579042
1 0.7225253357813476 0.4922917661467477 0.009097062747431722 0.05823998911345974
1 0.7383718321800994 0.49571764785930417 0.006162526377292465 0.04796234397579027
1 0.7542183285788514 0.5025694112844171 0.004401804555208884 0.030832935413007974
1 0.7694779177035752 0.4965741182874433 0.006162526377292323 0.04282352140695558
1 0.7853244141023271 0.4974305887155824 0.006162526377292323 0.05481410740090311
1 0.8011709105010789 0.5059952929969735 0.006162526377292465 0.04453646226323379
1 0.8494440337898692 0.501712940856278 0.00410835091819493 0.03939763969439923
0 0.8330106301170894 0.5034258817125561 0.008803609110417625 0.046249403119512
0 0.8790828511282754 0.501712940856278 0.0070428872883340436 0.03939763969439923
0 0.9462837340044638 0.5017129408562779 0.009977423658473221 0.0462494031195118
1 0.9150309216624809 0.5034258817125561 0.006162526377292234 0.04282352140695539
1 0.9289699694206422 0.494004707003026 0.007042887288334185 0.041110580550677296
0 0.9602370321846135 0.5034258817125563 0.008510155473403386 0.03597175798184274
0 0.992076751800624 0.5025694112844171 0.010564330932501349 0.04453646226323386
1 0.89795920088638 0.5062697917691922 0.007303972989185468 0.03511083390747736
