0 0.009033522494625974 0.4993243471453448 0.008372533043799682 0.09864531677965886
0 0.032939307632843494 0.5117113127108085 0.011236820664046947 0.11531141365472401
0 0.06797174852663691 0.49279303278046316 0.007270883959089191 0.13422969358506967
0 0.08262368135328636 0.48783824861620645 0.013660448650409994 0.12161751383793558
0 0.05144701225597963 0.5162156685117247 0.015643417002888897 0.0756731197213822
1 0.11809678188096395 0.503378264273276 0.014982427552062597 0.08513225968655497
0 0.1377061355888106 0.5013513057093085 0.022032981694209662 0.07567311972138219
0 0.20666936829168692 0.5087834871105175 0.012338469748757425 0.06891659117483016
1 0.22297377474540211 0.5148643628024143 0.00660989450826289 0.06216006262827818
1 0.24778739994143925 0.5135130570931031 0.013933820047454842 0.06486267404689888
1 0.2700211849242308 0.508783487110517 0.011691468821313106 0.058106145500346894
1 0.29236513481549314 0.5074321814012066 0.011872745581534686 0.0716192025934508
1 0.31634277094498947 0.5094591399651727 0.011796117747149877 0.0648626740468989
1 0.3396977315408515 0.5081078342558623 0.010033479211613476 0.05675483979103649
1 0.3603494156087995 0.5114860985291382 0.011236820664046973 0.06080875691896772
1 0.3835942112961907 0.5128374042384486 0.010575831213220682 0.05810614550034693
1 0.4042114318566952 0.5162156685117248 0.011710245650765899 0.07297050830276128
1 0.42635457845937574 0.5189182799303456 0.01193057546770849 0.059457451209657446
1 0.44764804269051034 0.5121617513837935 0.014417477246515962 0.07026789688414055
1 0.4704722087273758 0.5113018295687778 0.011533159642910263 0.06633682572978306
1 0.4906666434878622 0.5082306802294361 0.013063861448641512 0.057737607579625996
1 0.510889531302202 0.5100733698330411 0.011446672024738466 0.05896606731536265
1 0.5342887634000282 0.5162156685117246 0.011374975161799776 0.06387990625830954
1 0.5581961404594302 0.5131445191723829 0.012319568222012236 0.07247912440846661
1 0.5814952226404647 0.5119160594366462 0.01204757152548994 0.06756528546551971
1 0.6035999011976135 0.5051595308900941 0.011389765917032765 0.06387990625830954
1 0.6251457956064833 0.5131445191723829 0.012017990015023444 0.060194527051099414
1 0.6479799766350279 0.5125302893045146 0.012017990015023515 0.05896606731536281
1 0.6686108594941516 0.5082306802294361 0.01241858968219077 0.06510836599404633
1 0.690844141021945 0.5137587490402512 0.010014991679186238 0.05650914784388938
1 0.7110744242139012 0.5174441282474613 0.010816191013521177 0.06879374520125645
1 0.7311044075722737 0.5137587490402512 0.009614392012018556 0.07125066467272986
1 0.749444037961683 0.5072416094934171 0.014168895903193004 0.06662280733943816
1 0.7699889370213125 0.5057932875947337 0.011807413252660836 0.06951945113680502
1 0.7898253912857826 0.5028966437973668 0.011807413252660694 0.07531273873153879
1 0.812259476465838 0.5115865751894674 0.011335116722554233 0.08110602632627256
1 0.8320959307303079 0.5115865751894675 0.013224302842979938 0.06951945113680516
1 0.8535854228501504 0.5028966437973668 0.011807413252660694 0.05213958835260378
1 0.8750749149699928 0.510138253290784 0.012279709782767014 0.06662280733943816
1 0.8968005553548883 0.5115865751894675 0.014168895903192862 0.06951945113680516
1 0.9189984922698905 0.5086899313921006 0.015113488963405643 0.07531273873153893
1 0.9440302083655311 0.5057932875947337 0.012279709782767014 0.07531273873153879
1 0.966936590075693 0.5072416094934171 0.016530378553724887 0.09558924531310695
1 0.9922071072532441 0.5115865751894674 0.010862820192447912 0.07531273873153879
1 0.29554899686745023 0.5028223696502687 0.003681489297956233 0.005644739300537794
0 0.17944653019551168 0.4986833437284694 0.016315698312767964 0.09216593900712779
0 0.09400826283503388 0.49123765251296514 0.008572182021431675 0.09463335285997587
