0 0.42729335990647127 0.5031726657145309 0.03178148431779697 0.07297131143421488
1 0.47281818879412635 0.4888956699991411 0.01202542649862579 0.09517997143593235
0 0.39035812137497744 0.4999999999999997 0.023191893961635585 0.07931664286327696
1 0.014817043364378302 0.4984136671427344 0.010736987945201663 0.07614397714874599
1 0.03135200479998887 0.5095179971435931 0.012025426498625867 0.06028064857609046
0 0.07451469633969957 0.503172665714531 0.017608660230130725 0.07931664286327703
1 0.0489606650301196 0.5111043300008588 0.01202542649862587 0.07614397714874585
1 0.09598867223010292 0.503172665714531 0.009878028909585534 0.07931664286327703
1 0.12369010112872321 0.49999999999999983 0.013743344569858137 0.06662598000515267
1 0.14108402159994995 0.5063453314290634 0.013313865052049997 0.07931664286327696
1 0.1571895035177524 0.5047589985717965 0.01374334456985812 0.06979864571968371
1 0.17329498543555494 0.506345331429062 0.015890742158898484 0.07297131143421481
1 0.19176260470130177 0.49841366714273433 0.014172824087666172 0.1078706342940567
0 0.2100154842081446 0.5015863328572653 0.021473975890403386 0.09517997143593242
0 0.22891258299169956 0.49524100142820315 0.013743344569858174 0.08248930857780813
0 0.24566228418621402 0.5111043300008586 0.012884385534242 0.10152530286499464
0 0.2763700697094906 0.49999999999999983 0.027057209621908003 0.06662598000515267
1 0.3079368142683838 0.49841366714273433 0.01889709878355493 0.06979864571968378
1 0.33757090099714043 0.4952410014282031 0.01632022167670655 0.08883464000687027
1 0.35738552420510344 0.4927893961033384 0.014446129235362194 0.07787452208394463
1 0.4886419317568487 0.4931054208776984 0.008518602006110498 0.06817298229570909
1 0.5030170726421601 0.49441643976800054 0.011713077758401837 0.07603909563752176
1 0.5172147426523442 0.500971534219511 0.01100319425789266 0.07866113341812607
1 0.532477237913292 0.5022825531098131 0.01029331075738341 0.0707950200763134
1 0.5472073205488579 0.49878649606748726 0.011358136008147213 0.09002328379770376
1 0.5922849228311923 0.5079636282996018 0.01348778650967489 0.0716690193334744
1 0.6190258793536236 0.49692835196181917 0.01653496143561064 0.07328857800566795
1 0.649025023672517 0.5021632503907955 0.013227969148488512 0.09771810400755726
1 0.6792603817262048 0.5021632503907955 0.01322796914848837 0.09771810400755726
1 0.706472203974524 0.5070491555911734 0.015070436279885087 0.08829528683540006
1 0.5687595965893674 0.5070491555911734 0.01610977671298059 0.07293958477706951
1 0.752203183030727 0.5147270066203385 0.015070436279885087 0.07293958477706966
1 0.7677932895271599 0.505129692833882 0.014031095846789441 0.08445636132081738
1 0.7327864140306244 0.5080961352769685 0.01039340433095532 0.06281878114771544
1 0.7966739618118021 0.49691439223267536 0.020121630784729377 0.09754709732554417
1 0.8243412041408047 0.4922692923600305 0.013833621164501295 0.07896669783496428
1 0.8535804488748644 0.5154947917232552 0.014462422126524502 0.08825689758025419
1 0.8853348974570155 0.4899467424237079 0.018864028860683817 0.08361179770760926
0 0.9180325474822006 0.4922692923600305 0.023894436556865913 0.07896669783496428
0 0.9642494181908761 0.5062045919779652 0.020750431746752163 0.08825689758025426
