1 0.4665419502868452 0.5071021987105834 0.009587978425262093 0.04016248263778138
1 0.48382028640736974 0.5041490749872171 0.009787727975788484 0.03661873416974196
1 0.4990012522473684 0.5023772007531973 0.009787727975788484 0.04016248263778145
1 0.5167789622442087 0.5023772007531973 0.010986225278946335 0.037799983659088314
1 0.5322595524099967 0.5029678254978706 0.011585473930525083 0.04134373212712781
1 0.5476402678005214 0.5000147017745042 0.009987477526314806 0.04961247855255351
1 0.047140893924205944 0.5053303244765637 0.011185974829472603 0.03425623519104882
1 0.06332060751683595 0.5082834481999299 0.011185974829472603 0.035437484680395315
1 0.07910082200841335 0.5011959512638507 0.009987477526314797 0.02834998774431625
1 0.09568003470209596 0.5041490749872171 0.009987477526314823 0.05551872599928594
1 0.11315812037314689 0.5053303244765636 0.011385724379998886 0.038981233148434956
1 0.13023670694314524 0.5059209492212368 0.012783971233682969 0.040162482637781306
1 0.1453177980078806 0.5082834481999298 0.008189731571578153 0.044887480595167444
1 0.15920039176945822 0.5041490749872171 0.008788980223157026 0.04370623110582081
1 0.1744812323847199 0.5059209492212368 0.011385724379998905 0.04724997957386044
1 0.19016157210103415 0.5029678254978704 0.008788980223157026 0.05079372804189987
1 0.20264591900892767 0.5153709451360089 0.01018722707684109 0.0685124703820977
1 0.21782688484892623 0.5088740729446031 0.010187227076841126 0.03898123314843488
1 0.24938731383208107 0.5041490749872171 0.00938822887473595 0.03898123314843474
1 0.2674646481547109 0.5082834481999299 0.01478146673894592 0.042524981616474375
1 0.2832448626462883 0.5100553224339497 0.012783971233682969 0.03661873416974196
1 0.3004233239915498 0.5053303244765636 0.0123844721326304 0.04134373212712788
1 0.31690266190996924 0.5035584502425439 0.010586726177893696 0.042524981616474375
1 0.33468037190680966 0.5023772007531975 0.010986225278946335 0.05197497753124658
1 0.3523582071283869 0.5065115739659102 0.010786475728420016 0.03189373621235582
1 0.3685379207210168 0.5047396997318903 0.011984973031577795 0.044887480595167444
1 0.3854167577404889 0.5041490749872168 0.012184722582103973 0.03189373621235582
1 0.40229559475996096 0.5023772007531973 0.011585473930525225 0.035437484680395454
1 0.4183754335773278 0.5076928234552566 0.010986225278946335 0.04606873008451395
1 0.4343553976194315 0.5059209492212368 0.011785223481051474 0.035437484680395315
1 0.45063498598732465 0.5047396997318903 0.010386976627367374 0.02834998774431618
1 0.5646919793378399 0.5000147017745042 0.011185974829472584 0.035437484680395315
1 0.5798729451778383 0.501786576008524 0.011984973031577724 0.04134373212712795
1 0.5946544119167843 0.5011959512638507 0.011984973031577724 0.04252498161647445
1 0.6080376318020462 0.5041490749872171 0.008788980223157097 0.03898123314843488
1 0.6244170949452024 0.5076928234552567 0.012384472132630364 0.05079372804190001
1 0.6397978103357272 0.5035584502425438 0.010386976627367445 0.04724997957386044
1 0.6584743933099361 0.5106459471786229 0.014581717188419673 0.04961247855255344
1 0.6735554843746714 0.5029678254978706 0.010786475728420487 0.04606873008451395
1 0.6896353231920384 0.5047396997318903 0.009787727975788555 0.04252498161647445
1 0.7063144106609839 0.5065115739659102 0.012384472132630435 0.055518725999286075
1 0.7220946251525615 0.5023772007531973 0.010786475728420016 0.03071248672300925
1 0.7385739630709809 0.501786576008524 0.010986225278946335 0.03898123314843481
1 0.7540545532367688 0.5035584502425438 0.011185974829472513 0.040162482637781306
1 0.7684365208746621 0.5041490749872171 0.010386976627367374 0.05315622702059294
1 0.7841168605909763 0.49942407702983105 0.010986225278946193 0.05079372804190001
1 0.8000968246330803 0.5065115739659101 0.011785223481051616 0.04843122906320694
1 0.8159769138999206 0.49942407702983105 0.011185974829472695 0.03898123314843483
1 0.848536090635707 0.5029678254978706 0.011585473930525012 0.02953123723366282
1 0.8648156790036 0.5006053265191774 0.010986225278946193 0.03425623519104889
1 0.8830927628767563 0.499424077029831 0.012783971233682934 0.03661873416974189
1 0.8982276040068519 0.5023772007531973 0.010586726177893836 0.033074985701702315
1 0.9143074428242187 0.5029678254978706 0.010386976627367374 0.03425623519104882
1 0.92799028703527 0.5006053265191774 0.010187227076841339 0.03425623519104889
1 0.9416731312463213 0.5011959512638507 0.008389481122104313 0.044887480595167374
1 0.9576530952884249 0.5035584502425438 0.011984973031577795 0.03071248672300932
1 0.9862172810136854 0.5071021987105833 0.013582969435788215 0.042524981616474306
1 0.9706368160726342 0.49883345228515774 0.010786475728420016 0.042524981616474375
1 0.8316261080651361 0.5012807583680949 0.011132703434078194 0.048110150556446456
1 0.2321428735670662 0.5030785587309937 0.01191627448347674 0.04902171130383188
1 0.03189947714764705 0.4970014870817583 0.011560884335388861 0.048110150556446525
1 0.016913145601772598 0.498267543675349 0.011560884335388866 0.050642263743627895
