1 0.007209346062503432 0.4995030290494496 0.009403494864134913 0.07656023408992275
1 0.0319718825380587 0.5015177720518159 0.008776595206525916 0.07253074808518989
1 0.05610751935600498 0.5015177720518159 0.010657294179352891 0.0886486921041211
1 0.07898935685873326 0.5015177720518159 0.010030394521743907 0.09670766411358662
1 0.10437879299189752 0.49345880004235043 0.008149695548916895 0.07253074808519003
1 0.12851442980984382 0.49950302904944954 0.008776595206525907 0.10073715011831937
1 0.1510828174837676 0.4995030290494495 0.010030394521743933 0.08461920609938822
1 0.17459155464410486 0.49748828604708323 0.0119110934945709 0.09670766411358662
1 0.19872719146205114 0.491444057039984 0.013791792467397883 0.11685509413725043
1 0.2231762781088019 0.5015177720518159 0.01003039452174395 0.10476663612305209
1 0.24699846509794374 0.4974882860470832 0.010030394521743915 0.11282560813251763
1 0.26925340294306305 0.48942931403761764 0.011911093494570934 0.12894355215144876
1 0.2902545414729643 0.5015177720518159 0.01128419383696187 0.12088458014198324
1 0.3140767284621061 0.49748828604708306 0.01128419383696194 0.12088458014198317
1 0.3378989154512479 0.5035325150541824 0.013791792467397883 0.14103201016564712
1 0.3623480020979987 0.5075620010589152 0.012537993152179894 0.11685509413725051
1 0.38366259045670453 0.4954735430447168 0.011284193836961833 0.1490909821751127
1 0.4056040784730193 0.48338508503051847 0.010030394521743915 0.1490909821751127
1 0.4281724661469431 0.4874145710352512 0.010030394521743915 0.10073715011831937
1 0.4501139541632579 0.49345880004235043 0.013791792467397812 0.1128256081325177
1 0.47111509269315915 0.5015177720518159 0.013164892809788782 0.09670766411358656
1 0.491802781394256 0.491444057039984 0.009403494864134885 0.10879612212778497
1 0.5087290721496989 0.5035325150541823 0.009403494864134814 0.09267817810885383
1 0.5294167608507956 0.491444057039984 0.011911093494570934 0.1007371501183193
1 0.552298598353524 0.4995030290494496 0.007522795891307865 0.14103201016564718
1 0.5717324877394028 0.4954735430447168 0.010030394521743915 0.09267817810885369
1 0.5930470760981086 0.4995030290494496 0.011284193836961904 0.09267817810885383
1 0.6137347647992054 0.49345880004235043 0.012537993152179966 0.12894355215144884
1 0.6341090036714977 0.481370342028152 0.010657294179352803 0.12088458014198317
1 0.6539513889998352 0.48942931403761764 0.008776595206525855 0.12088458014198324
1 0.6743256278721276 0.49950302904944954 0.009403494864134814 0.10073715011831937
1 0.6953267664020288 0.5035325150541823 0.011284193836961975 0.1007371501183193
1 0.7160144551031258 0.48539982803288484 0.012537993152179894 0.10476663612305209
1 0.7370155936330269 0.5055472580565489 0.009403494864134956 0.1289435521514487
1 0.7580167321629283 0.49345880004235043 0.011284193836961833 0.10476663612305216
1 0.778390971035221 0.5055472580565492 0.013164892809788071 0.11282560813251782
1 0.799392109565122 0.49547354304471675 0.010030394521743915 0.09267817810885376
1 0.8216470474102411 0.49345880004235043 0.010657294179352874 0.10476663612305216
1 0.8426481859401423 0.5015177720518159 0.010030394521743773 0.0886486921041211
1 0.8633358746412392 0.4974882860470832 0.013791792467397812 0.0805897200946555
1 0.8837101135135316 0.4974882860470832 0.015672491440224832 0.10476663612305216
1 0.9047112520434331 0.48942931403761764 0.016299391097833932 0.1128256081325177
1 0.9247720410869207 0.4974882860470832 0.01629939109783379 0.0805897200946555
1 0.94702697893204 0.4974882860470832 0.011911093494570792 0.0805897200946555
1 0.9667743181467233 0.5055472580565487 0.012537993152179894 0.09670766411358656
1 0.9843275085597751 0.4954735430447168 0.012537993152180037 0.1087961221277849
