1 0.500943237185989 0.4980057471822444 0.009145249287756629 0.03390229790182505
1 0.47793983121196393 0.4978625709877733 0.010187988437980052 0.026211639019747244
1 0.45078042925361955 0.4990028735911213 0.008389613654244153 0.03190804508407071
1 0.5262785461322412 0.49551293116005135 0.007660163249619601 0.04088218276396556
1 0.5522647497964527 0.4965100575689296 0.006017965838151014 0.0368936771284568
1 0.42278138622103356 0.5008029410263802 0.007048723026909442 0.033723523107977584
1 0.5801035976393832 0.4975911769208578 0.008024971166136548 0.05620587184662909
1 0.6027240712204904 0.4970802144495254 0.007475918361873681 0.03795721215616517
1 0.6301258127114496 0.4978101608371434 0.011015961148086307 0.04817646158282511
1 0.65238552891008 0.4970802144495255 0.00854390669928435 0.043796783257113746
1 0.6801532256827536 0.49124064334857687 0.006407930024463097 0.04379678325711366
1 0.7063085219692233 0.49197130696977104 0.01279502408875035 0.048175027115673605
1 0.7314110981465515 0.4949222704165765 0.011610039806660524 0.04467226635549565
1 0.7569961858686364 0.4925710985031293 0.012900044229622699 0.05407695400928409
1 0.7845162802251652 0.49609785637330006 0.009460032435056576 0.047023438268942785
1 0.8103163686844107 0.49609785637330006 0.01032003538369807 0.047023438268942785
1 0.8335364482977318 0.4937466844598529 0.012040041280981342 0.05172578209583712
1 0.8576165308596941 0.4937466844598529 0.011180038332339848 0.05642812592273138
1 0.8849216244790622 0.49609785637330006 0.010750036858018746 0.047023438268942785
1 0.9105596933412822 0.49609785637330006 0.011180038332339564 0.051725782095837045
1 0.9350697773775656 0.501975786156918 0.01376004717826433 0.049374610182389915
1 0.9578598555165656 0.4972734423300237 0.014620050126905823 0.03996992252860139
1 0.9843049461872923 0.4984490282867472 0.012470042755301875 0.05642812592273138
1 0.3962779300536553 0.49492227041657644 0.012900044229622765 0.05407695400928425
1 0.371122843805891 0.49609785637330006 0.01333004570394344 0.04232109444204852
1 0.346182758295287 0.49609785637330006 0.012470042755301947 0.04232109444204852
1 0.3182032442297439 0.4895329259124324 0.006622022704539674 0.0491394929910453
1 0.2928976574659673 0.4998780823315998 0.01277104378732652 0.04913949299104523
1 0.2661730658369321 0.49729179322680805 0.01229804216557369 0.05948464941021264
1 0.2415769815057848 0.49341235956962026 0.01229804216557369 0.05689836030542089
1 0.21698089717463742 0.4921192150172243 0.010406035678562305 0.06465722761979635
1 0.19143880959998433 0.4921192150172243 0.012298042165573654 0.04396691478146152
1 0.1644777171600728 0.4921192150172243 0.011352038922068016 0.03362175836229411
1 0.13869912877454335 0.4985849377792039 0.01277104378732652 0.036208047467086
1 0.11528554849777807 0.49470550412201575 0.006622022704539699 0.033621758362294016
1 0.09149140395628702 0.49919705897361943 0.010573084540364253 0.030511759002455962
1 0.06579293458734613 0.4919705897361956 0.012041568504303744 0.05459998979386846
1 0.04141610078595078 0.5064235282110432 0.012628962089879523 0.044964697477303445
1 0.016593868792516113 0.49518235384171744 0.01204156850430373 0.04175293337178182
