1 0.47488953723659366 0.4949770293825332 0.008110572422699415 0.0644763048607554
1 0.4180794391293993 0.49497702938253324 0.005661896215678724 0.060029663146220574
1 0.43188031115511605 0.4994236710970681 0.005661896215678724 0.05558302143168568
1 0.4449734461538729 0.4983120106684344 0.007077370269598333 0.05780634228895309
1 0.40480936987390237 0.4994236710970679 0.006015764729158445 0.05558302143168568
1 0.019108899727915477 0.5016469919543356 0.007077370269598326 0.08226287171889489
1 0.03131736344297258 0.49497702938253324 0.005308027702198745 0.06447630486075547
1 0.04706451229282886 0.5005353315257018 0.007785107296558156 0.0666996257180228
1 0.05998071303484581 0.5005353315257018 0.008138975810038068 0.04891305885988345
1 0.07484319060100228 0.4983120106684344 0.008846712836997908 0.04446641714534863
1 0.08758245708627926 0.49275370852526584 0.008846712836997917 0.04668973800261597
1 0.10262186890917571 0.49053038766799845 0.009908318377437659 0.060029663146220644
1 0.1162458066781525 0.49497702938253324 0.00601576472915859 0.04224309628808115
1 0.1318160212712688 0.4983120106684344 0.007431238783078253 0.05335970057441827
1 0.14508609052676566 0.4916420480966322 0.010616055404397499 0.048913058859883375
1 0.16313338471424144 0.4994236710970681 0.007785107296558138 0.05113637971715086
1 0.17640345396973828 0.5005353315257018 0.0067235017561183595 0.0666996257180228
1 0.1907351287656749 0.5005353315257018 0.00920058135047782 0.05335970057441827
1 0.2054206720750914 0.4983120106684344 0.010262186890917527 0.06225298400348791
1 0.004246422161758995 0.48830706681073094 0.00566189621567866 0.05113637971715086
1 0.21886767558732803 0.49497702938253346 0.008138975810038074 0.0555830214316861
1 0.2335532188967447 0.49942367109706814 0.008492844323518014 0.060029663146220574
1 0.24770795943594137 0.49053038766799845 0.007077370269598298 0.05558302143168561
1 0.2634551082857976 0.496088689811167 0.009554449863957757 0.0666996257180228
1 0.279025322878914 0.49720035023980075 0.008846712836997951 0.0600296631462205
1 0.291764589364191 0.4916420480966322 0.00813897581003804 0.048913058859883306
1 0.3080425409842671 0.49497702938253335 0.009554449863957721 0.05558302143168561
1 0.32237421578020375 0.49386536895389965 0.004954159188718776 0.062252984003488054
1 0.3359981535491805 0.49053038766799845 0.006723501756118466 0.060029663146220574
1 0.3499759598316372 0.4983120106684345 0.0063696332426384575 0.06225298400348791
1 0.3646615031410537 0.49497702938253324 0.009554449863957757 0.046689738002615895
1 0.3772238353695907 0.49497702938253335 0.008492844323518085 0.05558302143168561
1 0.39049390462508754 0.49386536895389965 0.010262186890917561 0.062252984003488054
0 0.6374941270340692 0.5049819732402366 0.01663182013355609 0.1333992514360456
1 0.4870858071114357 0.4983120106684344 0.008875116224334076 0.057806342288953066
1 0.5021394206280011 0.4983120106684344 0.005661896215678795 0.04891305885988345
1 0.5168249639374176 0.49942367109706814 0.007431238783078271 0.04224309628808115
0 0.5315966480420017 0.49720035023980075 0.010443773814063573 0.05113637971715086
0 0.5476059365166188 0.496088689811167 0.012396574158897269 0.06225298400348797
1 0.5642433447437265 0.49386536895389954 0.007431238783078129 0.048913058859883375
1 0.5799904935935828 0.49497702938253324 0.008492844323517943 0.060029663146220574
1 0.5952068396732192 0.4983120106684344 0.009200581350477889 0.04001977543081367
1 0.6104231857528556 0.48719540638209724 0.008492844323517872 0.06225298400348798
1 0.6560722239917648 0.4994236710970681 0.011323792431357447 0.05113637971715086
1 0.671996307098361 0.4927537085252658 0.009908318377437695 0.06447630486075547
1 0.6879203902049572 0.492012595918646 0.011323792431357447 0.06299407964751587
1 0.7053038744528757 0.5180102336779139 0.009861131614189418 0.11120397567527326
1 0.7219307558594491 0.4928902531976514 0.007253384468203308 0.0781239376110058
1 0.7385099203581995 0.4961454172647766 0.009325780030547008 0.05859295320825424
1 0.7540528870757778 0.4961454172647766 0.013470571155234552 0.07161360947675532
1 0.7716682493556999 0.4896350891305261 0.007253384468203308 0.08463426574525627
1 0.7856569194015205 0.48963508913052606 0.008289582249375087 0.05859295320825431
1 0.8014589355643917 0.5010281633654645 0.01088007670230482 0.06835844540963003
1 0.8154476056102123 0.4945178352312139 0.010880076702304677 0.061848117275379554
1 0.8328039184448416 0.4977729992983393 0.008289582249375087 0.04231713287262799
1 0.847310687381248 0.4961454172647766 0.011398175592890851 0.05859295320825424
1 0.8644079507705841 0.5026557453990271 0.00932578003054715 0.0455722969397533
1 0.8802099669334555 0.49126267116408867 0.01295247226464852 0.061848117275379554
1 0.8965300819869126 0.48637992506340083 0.01036197781171893 0.06510328134250479
1 0.9131092464856629 0.4928902531976514 0.014506768936406473 0.0781239376110058
0 0.45758218419798824 0.4952203783118258 0.011118059982293586 0.04100106764990134
1 0.9284818706791156 0.49552408992404734 0.007444266249013936 0.0434307605476733
1 0.9457632030428981 0.48884243445517456 0.00531733303500971 0.050112416016546105
1 0.9625128021031796 0.49051284832239284 0.007975999552515134 0.04677158828210963
1 0.9799270677928373 0.49468888299043834 0.006646666293762422 0.038419518946018624
1 0.9952144002684912 0.4946888829904383 0.008507732856015906 0.05178282988376417
