1 0.46534428194432215 0.49389105652709103 0.006433972972362057 0.041782244224117235
1 0.42776403071938895 0.49951558940341456 0.006726426289287701 0.04017523483088198
1 0.4460423630272359 0.49951558940341456 0.006433972972362057 0.03696121604441146
1 0.48420752088602015 0.4963015706169439 0.007896239556989926 0.03696121604441139
1 0.5013160399261649 0.49630157061694397 0.00584906633851098 0.04017523483088198
1 0.5182783323078468 0.4971050753135616 0.007018879606213133 0.03535420665117606
1 0.5381651578587843 0.5011225987966498 0.008188692873915429 0.0401752348308819
1 0.554688770265078 0.4995155894034145 0.007311332923138778 0.05303130997676419
1 0.5748680491329409 0.4963015706169439 0.006726426289287701 0.03696121604441139
1 0.5941699680500272 0.5003190941000321 0.008481146190840932 0.02892616907823509
1 0.613179433650188 0.4971050753135615 0.011405679360096385 0.022498131505293912
1 0.6302879526903328 0.4971050753135616 0.011113226043170882 0.02892616907823502
1 0.6491511916320308 0.4987120847067969 0.007896239556989855 0.03214018786470554
1 0.6680144305737288 0.4954980659203263 0.0099434127754688 0.032140187864705606
1 0.6868776695154268 0.4954980659203263 0.01082077272624531 0.041782244224117304
1 0.705009775164811 0.4922840471338557 0.010820772726245452 0.041782244224117235
1 0.7227032008388068 0.4954980659203263 0.011698132677022102 0.032140187864705606
1 0.6687455638660426 0.689946202501795 0.01023586609239402 0.025712150291764355
1 0.7411277598051166 0.49871208470679684 0.01169813267702196 0.025712150291764574
1 0.7586749588206493 0.4930875518304735 0.010528319409319807 0.04338925361735264
1 0.7772457444454218 0.4971050753135616 0.00906605282469215 0.05142430058352893
1 0.7937693568517153 0.49549806592032636 0.010528319409319807 0.035354206651176126
1 0.8120476891595624 0.49710507531356163 0.009650959458543155 0.041782244224117304
1 0.8314958347351115 0.496301570616944 0.011113226043170953 0.024105140898529172
1 0.848165673799868 0.49790858001017924 0.008188692873915358 0.03696121604441139
1 0.8658590994738637 0.4946945612237087 0.007896239556989712 0.04338925361735249
1 0.8850147917324872 0.49549806592032636 0.00935850614161751 0.03214018786470554
1 0.9026130454637916 0.4987120847067969 0.009358506141617652 0.041782244224117235
1 0.921914964380878 0.4946945612237087 0.008188692873915215 0.04338925361735249
1 0.9393159367379483 0.5019261034932674 0.009650959458543013 0.05785233815646997
1 0.9570093624119441 0.49389105652709103 0.008773599507766789 0.044996263010587824
1 0.975287694719791 0.4987120847067969 0.010820772726245168 0.041782244224117235
1 0.9923962137599358 0.4987120847067969 0.006433972972362057 0.041782244224117235
1 0.4108527930534783 0.49630157061694397 0.01082077272624531 0.04017523483088198
1 0.297819586061753 0.5003190941000323 0.006433972972362092 0.035354206651176126
1 0.3169752783203766 0.496301570616944 0.005556613021585512 0.04338925361735257
1 0.33627719723746297 0.5027296081898851 0.00672642628928763 0.04338925361735257
1 0.35470175620377264 0.5019261034932675 0.00672642628928763 0.032140187864705606
1 0.37268763519469394 0.49710507531356163 0.006433972972362057 0.044996263010587824
1 0.39155087413639195 0.5019261034932676 0.007896239556989926 0.04821028179705841
1 0.2785176671446667 0.49790858001017924 0.007603786240064352 0.04338925361735257
1 0.2603855614952825 0.5003190941000323 0.00877359950776654 0.0257121502917645
1 0.24079118926127058 0.49389105652709103 0.005849066338511015 0.04821028179705841
1 0.2211968170272587 0.5011225987966498 0.005264159704659903 0.04338925361735257
1 0.2023335780855607 0.49389105652709103 0.004971706387734365 0.035354206651176195
0 0.18668732563004375 0.5043366175831203 0.016377385747830823 0.06267336633617582
1 0.16592314012832965 0.502729608189885 0.006433972972362092 0.03374719725794087
1 0.14998443435588713 0.5027296081898851 0.004971706387734329 0.03053317847147035
0 0.11907579997796795 0.5176748375774917 0.007342305963744368 0.05171316166775691
1 0.13348999919370086 0.5096426263553657 0.005308027702198732 0.046667552779552535
1 0.06784738994317639 0.5028369415750142 0.007077370269598324 0.044723071413737756
1 0.05033089852592032 0.5038091822579172 0.006015764729158565 0.05055651551118295
1 0.03432524580755188 0.502263575465847 0.005661896215678657 0.050556515511181954
1 0.01804729418747573 0.5042080568316615 0.004954159188718829 0.054445478242811235
1 0.027778678308173425 0.7375458207294243 0.0024770795943594138 0.031111701853035002
1 0.0023001453376194554 0.4974023720513104 0.003892553648279078 0.07194581053514364
0 0.1111322120306853 0.5008410205833542 0.009118540474312643 0.13883454708280546
