1 0.1201668120571604 0.3053221288515406 0.052246440024852354 0.07843137254901969
1 0.12330159845865157 0.7983193277310925 0.05433629762584646 0.08403361344537813
1 0.12434652725914862 0.6456582633053222 0.04388700962087599 0.09803921568627444
1 0.20271618729642718 0.8011204481792717 0.05433629762584644 0.08403361344537813
1 0.2863104913361909 0.8011204481792717 0.04597686722187007 0.08403361344537813
1 0.37199465297694884 0.788515406162465 0.05015658242385832 0.08683473389355739
1 0.6123282770912697 0.7801120448179271 0.06269572802982289 0.0924369747899159
1 0.12643638486014272 0.4411764705882353 0.05224644002485237 0.08683473389355739
1 0.12748131366063975 0.16806722689075632 0.0417971520198819 0.1008403361344538
1 0.4524541706152215 0.7913165266106443 0.05642615522684054 0.08683473389355739
1 0.12016681205716044 0.5574229691876751 0.05224644002485237 0.06722689075630249
1 0.20689590249841536 0.6470588235294117 0.05433629762584648 0.1008403361344537
1 0.20585097369791833 0.5490196078431373 0.05224644002485238 0.08403361344537821
1 0.21107561770040356 0.4271708683473389 0.04597686722187007 0.10364145658263305
1 0.21107561770040356 0.3053221288515406 0.05433629762584644 0.10084033613445381
1 0.20898576009940947 0.17507002801120447 0.05015658242385825 0.12044817927170866
1 0.2988496369421555 0.15826330532212884 0.04597686722187003 0.11484593837535016
1 0.2810858473337057 0.3053221288515406 0.06060587042882872 0.08963585434173663
1 0.29049020653817914 0.43977591036414565 0.06269572802982282 0.08963585434173665
1 0.2863104913361909 0.5560224089635853 0.058516012827834626 0.08123249299719895
1 0.28213077613420273 0.6526610644257702 0.05433629762584641 0.09523809523809518
1 0.37617436817893707 0.15966386554621848 0.04597686722187014 0.12324929971988795
1 0.3730395817774459 0.3053221288515406 0.06060587042882879 0.10084033613445381
1 0.3699047953759548 0.4369747899159664 0.05433629762584651 0.1008403361344537
1 0.37199465297694884 0.5574229691876751 0.05015658242385832 0.07843137254901954
1 0.37408451057794295 0.6540616246498598 0.06269572802982289 0.09243697478991592
1 0.45872374341820377 0.165266106442577 0.05224644002485235 0.11204481792717086
1 0.45663388581720965 0.3053221288515406 0.04388700962087597 0.08963585434173663
1 0.4576788146177067 0.4369747899159664 0.04597686722187007 0.09523809523809518
1 0.4555889570167126 0.5588235294117648 0.058516012827834626 0.0812324929971988
1 0.4545440282162156 0.6554621848739495 0.03970729441888778 0.09523809523809518
1 0.6081485618892815 0.3207282913165266 0.04597686722186999 0.11484593837535012
1 0.6123282770912697 0.661064425770308 0.07105515843379934 0.1120448179271709
1 0.618597849894252 0.542016806722689 0.05851601282783477 0.11484593837535016
1 0.6133732058917668 0.43137254901960786 0.07314501603479343 0.08403361344537806
1 0.6948776523305366 0.7899159663865547 0.05224644002485235 0.08963585434173665
1 0.7784719563703001 0.7675070028011204 0.06896530083280496 0.11764705882352927
1 0.702192153934015 0.32352941176470584 0.05433629762584655 0.10364145658263306
1 0.6980124387320277 0.4341736694677871 0.0501565824238584 0.1008403361344537
1 0.85997640280907 0.7787114845938377 0.06060587042882872 0.10644257703081238
1 0.9414808492478396 0.7801120448179271 0.06060587042882872 0.09243697478991592
1 0.6980124387320277 0.658263305322129 0.05433629762584644 0.1120448179271709
1 0.776382098769306 0.6554621848739495 0.05224644002485235 0.10644257703081238
1 0.8662459756120522 0.658263305322129 0.05224644002485235 0.1120448179271709
1 0.9404359204473426 0.6554621848739495 0.06687544323181101 0.15126050420168055
1 0.6102384194902757 0.20028011204481794 0.033437721615905504 0.0812324929971989
1 0.7001022963330218 0.1890756302521008 0.04597686722187021 0.09803921568627448
1 0.6969675099315306 0.5476190476190476 0.05642615522684054 0.09803921568627452
1 0.7774270275698032 0.19607843137254904 0.05851601282783477 0.0896358543417367
1 0.7836966003727855 0.3179271708683473 0.04597686722187021 0.1092436974789916
1 0.7805618139712943 0.4285714285714286 0.05642615522684054 0.11204481792717083
1 0.7826516715722883 0.5490196078431373 0.06478558563081706 0.08963585434173674
1 0.9435707068488337 0.42156862745098045 0.05642615522684054 0.0924369747899159
1 0.861021331609567 0.43137254901960786 0.05433629762584658 0.09523809523809518
1 0.8620662604100641 0.3179271708683473 0.0689653008328051 0.10364145658263307
1 0.8672909044125493 0.196078431372549 0.058516012827834626 0.08403361344537812
1 0.9435707068488337 0.2030812324929972 0.04806672482286416 0.08683473389355745
1 0.8631111892105611 0.5434173669467787 0.05433629762584644 0.11764705882352942
1 0.9477504220508218 0.5224089635854341 0.06060587042882872 0.09803921568627452
1 0.9477504220508218 0.3179271708683473 0.06060587042882872 0.09243697478991596
