0 0.6374613590456097 0.5056022408963584 0.2667202339102971 0.13725490196078408
0 0.8761759683953261 0.5196078431372549 0.09868648654680995 0.1484593837535014
0 0.3520707087615923 0.5112044817927169 0.18136975905900204 0.12605042016806717
0 0.15203053332886934 0.5182072829131651 0.18670416373720797 0.13445378151260517
0 0.21470978829778922 0.196078431372549 0.09868648654680995 0.13445378151260504
0 0.378742732152622 0.1876750700280112 0.07468166549488316 0.12324929971988796
0 0.5054348432600131 0.18767507002801118 0.06668005847757427 0.14005602240896356
0 0.6227917461805439 0.17647058823529413 0.050676844442956365 0.14565826330532214
0 0.7281462385751112 0.18207282913165265 0.05334404678205928 0.12324929971988795
0 0.9121831999732164 0.18347338935574228 0.05334404678205927 0.12044817927170866
1 0.22937940116285552 0.887955182072829 0.08535047485129507 0.12885154061624646
1 0.42141796957826955 0.8837535014005602 0.10668809356411885 0.14845938375350143
1 0.6027877286372716 0.8725490196078431 0.11735690292053079 0.1260504201680672
1 0.89751358710815 0.8837535014005602 0.12535850993783954 0.11484593837535016
