1 0.42848187067911536 0.5003190941000323 0.00930533281126749 0.046749364166844457
1 0.4466937363240247 0.49739725883960445 0.012229865980522945 0.04382752890641662
1 0.4647726686430586 0.4981277176547114 0.009039466159517033 0.048210281797058274
1 0.4837688409106319 0.4971050753135616 0.008188692873915429 0.05463831936999959
1 0.5007311332923139 0.49790858001017924 0.008773599507766577 0.04017523483088205
1 0.5179858789909213 0.4987120847067969 0.008773599507766435 0.038568225437646715
1 0.5359717579818427 0.49790858001017924 0.009650959458543084 0.04660327240382301
1 0.5549812235820035 0.49389105652709103 0.007896239556989855 0.05463831936999945
1 0.5735520092067758 0.4963015706169439 0.009358506141617581 0.03696121604441139
1 0.018278332307846912 0.49951558940341456 0.0073113329231387645 0.04017523483088198
1 0.032754771495661666 0.49549806592032636 0.006433972972362114 0.041782244224117235
1 0.04971706387734359 0.4987120847067969 0.007018879606213213 0.05142430058352893
1 0.06770294286826496 0.4979085800101793 0.005556613021585459 0.05303130997676419
0 0.11771246006253369 0.5027296081898853 0.005556613021585476 0.05945934754970488
0 0.10060394102238941 0.4987120847067969 0.010528319409319824 0.05142430058352893
1 0.13350493917651385 0.4987120847067969 0.005556613021585441 0.048210281797058344
1 0.14973609826588188 0.5003190941000323 0.005849066338511051 0.035354206651176126
1 0.08495768856687246 0.49790858001017924 0.006141519655436571 0.04660327240382309
1 0.16582103069678716 0.4995155894034145 0.006433972972362092 0.05945934754970537
1 0.20296260194633212 0.4890700283473851 0.00701887960621324 0.038568225437646646
1 0.22182584088803012 0.4963015706169439 0.007311332923138778 0.049817291190293676
1 0.2611608120145167 0.49790858001017924 0.006433972972362163 0.04017523483088198
0 0.2390805865866376 0.4971050753135616 0.007896239556989855 0.035354206651176126
1 0.27900046434697523 0.49790858001017924 0.007018879606213204 0.03374719725794087
1 0.2978637032886733 0.49871208470679684 0.005556613021585477 0.044996263010587824
1 0.31701939554729686 0.49308755183047337 0.005849066338510944 0.04660327240382309
1 0.3354439545136066 0.4987120847067969 0.00584906633851098 0.05463831936999945
1 0.3560619133568579 0.4971050753135616 0.0055566130215854055 0.05142430058352893
1 0.3727317524216142 0.5003190941000322 0.007896239556989855 0.05142430058352886
1 0.39174121802177503 0.4963015706169439 0.0073113329231388495 0.03696121604441139
1 0.4103120036465475 0.4946945612237087 0.008773599507766435 0.04660327240382316
1 0.5938264600173305 0.5011225987966498 0.010235866092394233 0.04660327240382316
1 0.6132746055928796 0.4971050753135616 0.006433972972362128 0.03535420665117606
1 0.6299444446576359 0.4987120847067969 0.008188692873915429 0.044996263010587755
1 0.6496850435501106 0.49951558940341456 0.0061415196554364115 0.049817291190293676
1 0.6679633758579575 0.49710507531356163 0.007018879606213062 0.041782244224117304
1 0.6858030281904162 0.49549806592032636 0.007603786240064209 0.04499626301058789
1 0.7045200404736514 0.49790858001017924 0.007603786240064494 0.049817291190293676
1 0.7210436528799451 0.4922840471338557 0.009650959458543155 0.044996263010587755
1 0.7401993451385687 0.49710507531356163 0.011113226043170953 0.041782244224117304
1 0.7584776774464155 0.4979085800101792 0.007896239556989855 0.04338925361735249
1 0.7771946897296508 0.49790858001017924 0.008481146190841003 0.049817291190293676
1 0.7934258488190187 0.49549806592032625 0.008773599507766364 0.038568225437646715
1 0.8111192744930145 0.49549806592032625 0.007896239556989855 0.05785233815646997
1 0.8312985533608775 0.5019261034932674 0.007311332923138707 0.044996263010587755
1 0.8484070724010223 0.49790858001017924 0.008773599507766506 0.04660327240382309
1 0.8649306848073159 0.4954980659203263 0.009066052824692007 0.044996263010587824
1 0.8839401504074768 0.4963015706169439 0.009066052824692292 0.04338925361735257
1 0.9028033893491747 0.4971050753135616 0.009943412775468658 0.035354206651176126
1 0.9203064711377875 0.4946945612237087 0.007896239556989712 0.03696121604441146
1 0.9371225368610067 0.49549806592032636 0.0099434127754688 0.041782244224117235
1 0.9559857758027047 0.4963015706169439 0.008481146190841003 0.0498172911902936
1 0.9755801480367166 0.4946945612237087 0.008481146190841003 0.049817291190293746
1 0.9926886670768613 0.4995155894034145 0.0099434127754688 0.04660327240382316
