1 0.40541094634681807 0.5078169962598336 0.010509894850353913 0.09161648861764879
1 0.42273281008166025 0.5169786451215986 0.010120639485525586 0.07329319089411918
1 0.4402493014989161 0.5123978206907163 0.009342128755869794 0.05955071760147192
1 0.4583496759634137 0.5112526145829956 0.00817436266138607 0.061841129816913136
1 0.47606079506308363 0.510107408475275 0.009342128755869865 0.05955071760147185
1 0.49124175429137196 0.5032361718289513 0.010120639485525586 0.06413154203235436
1 0.5087582457086279 0.5055265840443925 0.010120639485525586 0.05955071760147185
1 0.5282210139500233 0.5112526145829956 0.012456171674493106 0.061841129816913136
1 0.5449589946376233 0.5066717901521132 0.010120639485525657 0.04809865652426581
1 0.5648110182438466 0.5123978206907163 0.01089915021518138 0.05038906873970696
1 0.5823275096611025 0.49751014129034826 0.014013193133804691 0.0755836031095604
1 0.6023741609497398 0.5020909657212307 0.012845427039320895 0.061841129816913136
1 0.01946276824139539 0.5135430267984368 0.011677660944837237 0.07100277867867803
1 0.03600612124658148 0.5089622023675543 0.011288405580009328 0.06642195424779551
1 0.05293872961659547 0.5123978206907162 0.010899150215181423 0.0778740153250017
1 0.06987133798660945 0.5146882329061575 0.010509894850353509 0.06413154203235429
1 0.08563618026213973 0.5078169962598337 0.010899150215181414 0.05955071760147192
1 0.09926011803111649 0.5078169962598338 0.010120639485525605 0.05038906873970696
1 0.1136625665297491 0.5089622023675543 0.010120639485525586 0.04809865652426581
1 0.12942740880527936 0.5078169962598337 0.00895287339104188 0.041227419877942
1 0.143635229621498 0.5135430267984369 0.008563618026213965 0.04809865652426573
1 0.1576484227553027 0.5055265840443925 0.008563618026213965 0.06413154203235436
1 0.1743864034429027 0.5101074084752749 0.009342128755869759 0.06413154203235429
1 0.19112438413050278 0.5043813779366719 0.010120639485525586 0.05726030538603069
1 0.20766773713568884 0.506671790152113 0.009731384120697725 0.04809865652426566
1 0.2222648133167354 0.5078169962598337 0.010120639485525586 0.04580824430882451
1 0.23802965559226558 0.5101074084752747 0.007395851931730242 0.054969893170589056
1 0.25457300859745174 0.5123978206907162 0.01089915021518138 0.06413154203235422
1 0.27092173392022384 0.5135430267984368 0.012456171674493035 0.061841129816913
1 0.28863285301989366 0.5204142634447605 0.011288405580009346 0.0710027786786781
1 0.3045923229778379 0.5135430267984368 0.011288405580009311 0.061841129816913
1 0.3207464206181961 0.5192690573370399 0.010899150215181414 0.05955071760147185
1 0.3369005182585542 0.512397820690716 0.009731384120697654 0.0549698931705894
1 0.35032982834511706 0.5146882329061575 0.009342128755869794 0.06413154203235429
1 0.3655107875734055 0.5055265840443925 0.00856361802621393 0.05038906873970689
1 0.38438967276755903 0.5112526145829955 0.011288405580009382 0.05267948095514825
1 0.6190342905643742 0.5071298725952014 0.013273607940631607 0.06802524279860435
1 0.6380883406727003 0.5046104191582159 0.012845427039320966 0.06298633592463368
1 0.654573305373162 0.512168779469172 0.012417246138010256 0.04786961530272158
1 0.6708441796229687 0.508389599313694 0.011560884335388835 0.06046688248764845
1 0.6849741493662218 0.5071298725952014 0.010704522532767555 0.05794742905066307
1 0.702957747221271 0.5033506924397233 0.010704522532767413 0.07558360310956047
1 0.7196568023723884 0.508389599313694 0.013273607940631678 0.06550578936161905
1 0.7391390333820251 0.5184674130616354 0.012845427039321037 0.0755836031095604
1 0.7566944503357638 0.5109090527506793 0.011132703434078194 0.07054469623558973
1 0.7723230532336044 0.5172076863431427 0.010704522532767413 0.06298633592463368
1 0.7864530229768573 0.5109090527506794 0.009848160730146134 0.0604668824876483
1 0.8025098067760085 0.5058701458767086 0.011132703434078052 0.0705446962355898
1 0.8181384096738489 0.5058701458767086 0.012417246138010256 0.0705446962355898
1 0.8353644434460363 0.5184674130616354 0.01327360794063182 0.06550578936161905
1 0.8524916794984643 0.5172076863431427 0.012417246138010256 0.06802524279860442
1 0.8702611869028584 0.5083895993136939 0.012845427039320612 0.055427975613677634
1 0.8865320611526647 0.508389599313694 0.010276341631456916 0.055427975613677634
1 0.9045156590077142 0.51594795962465 0.011989065236699617 0.0604668824876483
1 0.9205724428068653 0.512168779469172 0.012417246138010398 0.057947429050663
1 0.9379137693099487 0.512168779469172 0.011989065236699617 0.06298633592463368
1 0.9543987340104105 0.5146882329061573 0.010704522532767555 0.07306414967257517
1 0.9691709751056297 0.5159479596246501 0.011132703434078194 0.07054469623558973
1 0.9856559398060916 0.5146882329061574 0.00984816073014585 0.06802524279860435
