1 0.4765267893063995 0.5004694131511951 0.004817645862878663 0.029039393979941153
0 0.4969761584477675 0.4978558676930004 0.010865328967343473 0.024973878822749356
1 0.521679406382954 0.49640389799400336 0.007380223449516308 0.030200969739138727
0 0.5426715976059553 0.49815534739112466 0.01169813267702203 0.0451924255088074
1 0.566466662937625 0.4966489332074977 0.007710132900764464 0.03916676877429971
1 0.429412403960242 0.500414968666565 0.009571199463018019 0.04067318295792674
1 0.4526757359884108 0.4958957261156843 0.007710132900764606 0.0406731829579266
1 0.007371757162172969 0.4978129805312095 0.009909575201609564 0.042453490629485696
1 0.04205527036780645 0.4930198444923966 0.006767514771830924 0.046561892948468256
1 0.061995269249093994 0.4971282468113792 0.00749260564024139 0.046561892948468325
1 0.09136144941971747 0.4971282468113791 0.0077343025963782 0.04382295806914655
1 0.11432266025271524 0.49849771425103995 0.009184484333199095 0.04108402318982492
1 0.14127187086197052 0.49301984449239655 0.00604242390342046 0.04108402318982485
1 0.17208823276941487 0.497128246811379 0.0058007269472836855 0.046561892948468186
1 0.20072932207162794 0.49849771425103995 0.008459393464788648 0.04930082782778989
1 0.2275576842028148 0.4978129805312095 0.009909575201609542 0.05067029526745074
1 0.2524524706849071 0.49575877937171825 0.007975999552514991 0.05751763246575479
1 0.27928083281609395 0.49918244797087036 0.009426181289335922 0.03971455575016407
1 0.2995833771315867 0.4895961758932445 0.010876363026156853 0.05340923014677244
1 0.32870786034607336 0.49575877937171825 0.01063466607002006 0.0547786975864333
1 0.351306525744866 0.5012366491303617 0.008942787377062302 0.05477869758643315
1 0.37716810005150564 0.4964435130915487 0.008459393464788648 0.047931360388129104
1 0.4010960987090506 0.4937045782122271 0.008942787377062302 0.03971455575016407
0 0.6021879662148837 0.5046603177295137 0.017160483885714086 0.06436496966405905
0 0.6229739044426502 0.4950740456518878 0.01571030214889326 0.053409230146772374
0 0.6992292941038164 0.4978129805312095 0.01256824171911461 0.053409230146772305
0 0.7360880799146813 0.49918244797087025 0.01571030214889305 0.05067029526745067
0 0.7771765624579404 0.5012366491303615 0.011843150850704092 0.04108402318982492
0 0.7988084400321857 0.4998671816907007 0.011118059982293572 0.035606153431181585
0 0.8843691625046196 0.4950740456518878 0.014018423455935505 0.04245349062948584
0 0.8194735297818838 0.49849771425103995 0.014743514324345881 0.03834508831050321
1 0.8453351040885235 0.49849771425103995 0.007009211727967824 0.035606153431181654
1 0.9047925552981808 0.4998671816907007 0.00749260564024155 0.03286721855186002
0 0.5870194844511976 0.504655524593475 0.009650959458543227 0.06926492416316549
0 0.6531285567422183 0.504655524593475 0.015119836485051082 0.06926492416316549
0 0.6688917905245054 0.4964530993636265 0.014476439187814804 0.07108768532535407
0 0.7166640398442943 0.4946303382014379 0.012867945944724114 0.07473320764973124
0 0.758484864164648 0.4982758605258151 0.015441535133669077 0.05650559602784561
1 0.8655511969884404 0.49822482321327355 0.009419979828835351 0.036391426603094815
1 0.926566975425215 0.5006509183201466 0.010704522532767555 0.041243616816840786
0 0.9469197229780124 0.49715834222783317 0.00848114619084086 0.03645522324377133
1 0.9663678685535618 0.4955012866258436 0.01169813267702196 0.03645522324377133
1 0.9926886670768613 0.5029580368347968 0.0081886928739155 0.05136872366167772
