1 0.004427206416623398 0.4989839928976613 0.004052019432163788 0.054915830309980436
1 0.028139023834470745 0.4978399130995368 0.0028514210818930373 0.0640684686949772
0 0.040370119527854034 0.5041323519892219 0.006903440514056829 0.04004279293436063
0 0.06475727351772868 0.5088993482385291 0.012456207884059056 0.09305181776170947
1 0.07698836921111195 0.5058484716864089 0.004502243813515312 0.07322110707997397
1 0.0999498126600401 0.48983135451266463 0.0039019446383799484 0.05949214950247878
1 0.12020990982085904 0.48983135451266463 0.004202094225947626 0.05720398990622975
1 0.14062008177546179 0.4934542709638491 0.003901944638379641 0.07131430159733793
1 0.16658302110006626 0.4938356338061009 0.004202094225947648 0.05377175051185659
1 0.19239588563088794 0.4955517535032874 0.006903440514056847 0.04347503232873457
1 0.2164226412431398 0.4981655374134626 0.005790575675125887 0.05885847967216648
1 0.2426410811055154 0.5030704107194766 0.00675567162098023 0.06376335297818038
1 0.2698246169137453 0.49326066410744873 0.006433972972362128 0.06866822628419421
1 0.31550582501751756 0.4957131007604571 0.008364164864070324 0.06376335297818135
1 0.3436544567716006 0.4981655374134627 0.008685863512688883 0.05395360636615266
1 0.29137842637115846 0.4993917557399661 0.007077370269598368 0.046596296407131775
1 0.3732808595229094 0.4928676611338025 0.010470100727519537 0.04983473900742753
1 0.39685122087425273 0.4982535798893054 0.008006982854510056 0.09694653759902123
1 0.42369816338643335 0.5108207236521415 0.009890978820277212 0.10053715010268864
1 0.4531356003515441 0.49645827363747175 0.007535983863068339 0.10771837511002375
1 0.47904054488084136 0.494662967385638 0.012245973777485944 0.08258408758435153
1 0.5009419979828835 0.5000488861411392 0.008948980837393634 0.08617470008801903
1 0.5219014531020423 0.49107235488197065 0.00753598386306841 0.10412776260635631
1 0.54262540872548 0.49286766113380426 0.007535983863068339 0.1077183751100236
1 0.5730048436734743 0.48748174237830305 0.008006982854510056 0.07540286257701652
1 0.6015002826557011 0.5036394986448066 0.00659398588018476 0.09335592509535388
1 0.6278762261764402 0.49825357988930546 0.00659398588018476 0.10412776260635624
1 0.6502486782699242 0.4892770486301369 0.007064984871626763 0.10771837511002375
1 0.6745051263291754 0.49645827363747175 0.010361977811718787 0.0861747000880191
1 0.7039425632942857 0.5036394986448066 0.007064984871626478 0.09335592509535388
1 0.7310250053021875 0.501844192392973 0.0065939858801849025 0.08976531259168645
1 0.7595204442844143 0.5000488861411392 0.006122986888743043 0.10053715010268874
1 0.7818928963778984 0.4892770486301369 0.009419979828835351 0.10771837511002375
1 0.8061493444371496 0.49466296738563803 0.008006982854510056 0.09694653759902139
1 0.8315832899750052 0.49825357988930546 0.006122986888743043 0.10412776260635624
1 0.8548977400513726 0.501844192392973 0.010361977811718787 0.10412776260635624
1 0.8786831891191821 0.49286766113380437 0.010832976803160789 0.08617470008801903
1 0.9050591326399211 0.48568643612646945 0.00989097882027707 0.1148996001173586
1 0.9323770741435436 0.49825357988930546 0.008948980837393492 0.11130898761369125
1 0.9594595161514454 0.4964582736374718 0.009419979828835493 0.07899347508068416
1 0.9844570332824216 0.4982535798893056 0.013187971760369378 0.07540286257701666
