1 0.4340568439089867 0.4921114565829294 0.005858963498215602 0.06454262795785176
1 0.45443005789141816 0.486374334097787 0.007190546111446423 0.09322824038356373
1 0.47467011361252653 0.4913943162722865 0.0077231791567386665 0.0631083473365662
1 0.4959754354242196 0.48207149223393025 0.007190546111446352 0.09322824038356373
1 0.5168812824519433 0.4928285968935722 0.005858963498215602 0.06884546982170868
1 0.5364555468664363 0.49569715813614335 0.008788445247323225 0.06884546982170853
1 0.5553640199743138 0.49282859689357217 0.007190546111446281 0.06023978609399492
1 0.5754709174340992 0.4870914744084298 0.008522128724677175 0.0946625210048493
1 0.022503746163600753 0.48852575502971535 0.006657913066154075 0.08318827603456448
1 0.04354275145264761 0.48278863254457305 0.0055926469755694175 0.08892539851970703
1 0.06511438978698679 0.500717140310643 0.007190546111446387 0.06167406671528071
1 0.08721866116661829 0.49426287751485787 0.006657913066154073 0.07458259230685094
1 0.10679292558111125 0.4971314387574289 0.006924229588800212 0.0659769085791374
1 0.1257013986889888 0.4964142984467862 0.007456862634092562 0.0616740667152807
1 0.14700672050068186 0.4956971581361433 0.006391596543507898 0.07458259230685087
1 0.16578203534723626 0.4949800178255005 0.006657913066154073 0.05593694423013822
1 0.18575577454569847 0.48278863254457294 0.006657913066154073 0.08892539851970689
1 0.20612898852812994 0.49426287751485776 0.00692422958880023 0.0631083473365662
1 0.2265022025105614 0.48637433409778696 0.006125280020861688 0.06741118920042304
1 0.2452775173571159 0.48637433409778696 0.007456862634092509 0.07027975044299417
1 0.2660502061235168 0.4806372116126441 0.00798949567938444 0.09609680162613465
1 0.284825520970071 0.4921114565829294 0.007723179156738738 0.0874911178984214
1 0.3036008358166255 0.48852575502971535 0.007456862634092509 0.07171403106427973
1 0.3223761506631801 0.48494005347650154 0.007723179156738737 0.07888543417070765
1 0.3379556672379805 0.4842229131658586 0.008522128724677175 0.09179395976227803
1 0.356597823823212 0.4777686503700734 0.007456862634092546 0.09609680162613485
1 0.37550629693108944 0.48565719378714434 0.00798949567938493 0.06597690857913745
1 0.39374897873235154 0.4935457372042149 0.007190546111446423 0.05880550547270943
1 0.4126574518402291 0.497131438757429 0.0077231791567386665 0.06310834733656627
1 0.5964158524660814 0.47992007130200187 0.008255812202030982 0.0975310822474205
1 0.61665590818719 0.49354573720421496 0.005060013930277094 0.05593694423013822
1 0.6362301726016828 0.489960035651001 0.00905476176996956 0.07171403106427973
1 0.6571360196294066 0.49928285968935726 0.007190546111446423 0.06454262795785176
1 0.6776423918731612 0.4849400534765013 0.005592646975569409 0.08175399541327899
1 0.6981487641169156 0.4971314387574289 0.0077231791567386665 0.06884546982170853
1 0.7175898702700855 0.48135435192328735 0.008788445247323438 0.08605683727713569
1 0.7392946668657477 0.49928285968935726 0.00905476176996956 0.06454262795785176
1 0.7617984130293485 0.4935457372042149 0.007723179156738809 0.05880550547270943
1 0.7827042600570724 0.4935457372042149 0.007456862634092403 0.06167406671528056
1 0.803476948823473 0.4913943162722865 0.007456862634092545 0.07171403106427973
1 0.8234506880219351 0.49139431627228647 0.00905476176996956 0.08318827603456448
1 0.845665807599558 0.4971364587396032 0.014533158957323877 0.06299790772872725
1 0.8648070413482282 0.4828187524376199 0.010988486040903354 0.0992694303604187
1 0.8860750788467507 0.48663680745148213 0.00957061687433523 0.07636110027724506
1 0.9073431163452733 0.49904548624653444 0.011697420624187629 0.07063401775645183
1 0.9285748407341284 0.4875913212049477 0.01098848604090307 0.0973604028534875
1 0.949311177295188 0.4895003487118788 0.009925084165977155 0.07827012778417625
1 0.9714653830228156 0.4799552111772231 0.012406355207471478 0.09354234783962526
1 0.9952146915628325 0.4869549738477293 0.009570616874335088 0.09608770813905068
