1 0.507802971497673 0.491045564576859 0.01115177959955716 0.0734263704697576
1 0.4750749226728857 0.4865683468652884 0.012121499564736097 0.0895443542314117
1 0.45798360828660784 0.48746379040760246 0.01090934960826246 0.07700814463901409
1 0.4425893038393931 0.49820911291537184 0.01018205963437822 0.08058991880827052
1 0.5251367158752455 0.49641822583074363 0.011394209590851929 0.06268104796198827
1 0.5599254196260379 0.4955227822884295 0.01066691961696776 0.0787990317236423
1 0.42589469307523387 0.4869753666572493 0.009256417849434727 0.07977587922434858
1 0.4093653754869575 0.490231524992937 0.011019545058850966 0.0569827708745347
1 0.39349723060221214 0.49918596041607816 0.009256417849434796 0.06186700837806626
1 0.3765271312115817 0.4869753666572493 0.010578763256496941 0.07651972088866095
1 0.3585652727656546 0.49348768332862464 0.011680717762382003 0.05047045420315932
1 0.34148497792443566 0.49185960416078084 0.011901108663559014 0.06675124588159789
1 0.32407409673145127 0.49267364374470274 0.011019545058850966 0.05861085004237864
1 0.3066632155384667 0.48860344582509313 0.009697199651788786 0.06349508754591007
1 0.012782672268267091 0.4877894062411713 0.010578763256496903 0.07489164172081708
1 0.030413944362428592 0.4951157624964685 0.010578763256496902 0.05047045420315925
1 0.04925736641306369 0.48860344582509313 0.01123993596002796 0.060238929210222454
0 0.07173723833311955 0.5138386729266727 0.01741088119298448 0.14652712510594637
1 0.09796375557318486 0.49837192083215626 0.012121499564736021 0.05372661253884702
1 0.11757854577793951 0.49592980208039045 0.011239935960027942 0.06512316671375401
1 0.13686274963092862 0.48860344582509313 0.009697199651788821 0.05047045420315939
1 0.15306148086743948 0.49348768332862464 0.014325408576506202 0.07000740421728559
1 0.17146412111572057 0.4910455645768589 0.009697199651788821 0.0683793250494417
1 0.1905279340675327 0.48534728748940553 0.009476808750611809 0.06349508754591021
1 0.2076082289087517 0.49592980208039045 0.01101954505885093 0.04558621669962776
1 0.22380696014526255 0.490231524992937 0.011239935960027978 0.05372661253884715
1 0.24165862314060108 0.49185960416078084 0.010358372355319894 0.05372661253884701
1 0.25763696347593495 0.49267364374470274 0.010578763256496905 0.048842375035315584
1 0.2736153038112688 0.49348768332862464 0.011680717762382003 0.037445820860408575
1 0.29047520775131075 0.4894174854090151 0.010137981454142846 0.048842375035315515
0 0.4897085824153356 0.5032561583356877 0.011901108663559014 0.10256898757416245
0 0.5411698578401696 0.5043415403071642 0.016970099390630437 0.13078901820261707
1 0.5769833792814352 0.4951157624964685 0.012341890465913039 0.05047045420315925
1 0.5925209378144151 0.49267364374470274 0.011680717762382003 0.048842375035315584
0 0.6110337735132846 0.5195369500141261 0.010799154157673938 0.13838672926672707
1 0.6233756639791976 0.500814039583922 0.00859524514590369 0.04558621669962776
1 0.6402355679192394 0.5000000000000001 0.011901108663559085 0.043958137531783945
1 0.6745063530522658 0.489417485409015 0.01123993596002805 0.0683793250494417
1 0.6924682114981928 0.49185960416078084 0.009697199651788821 0.06349508754591014
1 0.7083363563829382 0.49592980208039045 0.011460326861205062 0.04884237503531537
1 0.7260778239276883 0.4861613270733274 0.011239935960027907 0.0618670083780664
1 0.7417255779112566 0.4959298020803904 0.013443844971798171 0.03907390002825238
1 0.7605689999618918 0.49511576249646744 0.008815636047080631 0.04721429586747016
1 0.7769881220995797 0.4943017229125464 0.009036026948257786 0.03907390002825238
1 0.7946193941937406 0.49267364374470146 0.009036026948257886 0.04884237503531627
1 0.8128016435408452 0.4910455645768589 0.010137981454142988 0.0586108500423785
1 0.8294411565797103 0.4951157624964685 0.011239935960027907 0.05047045420315925
1 0.8475132104762256 0.49267364374470274 0.01035837235532 0.055354691706690815
1 0.8652546780209756 0.4910455645768589 0.010137981454142846 0.055354691706690884
1 0.8826655592139601 0.49267364374470274 0.01057876325649687 0.06186700837806626
1 0.899525463154002 0.48860344582509313 0.009917590552965976 0.060238929210222454
1 0.9167159534458095 0.4910455645768589 0.009476808750611666 0.06512316671375401
1 0.9319229256270237 0.49755788124823425 0.009917590552965691 0.04558621669962776
1 0.9494440022705968 0.4934876833286247 0.011019545058850895 0.04070197919609626
1 0.9661699966693275 0.4951157624964685 0.009917590552965833 0.05372661253884708
1 0.9826993142576037 0.4910455645768589 0.010799154157673883 0.06186700837806633
