0 0.06666666666666667 0.5853658536585367 0.07479674796747966 0.2666666666666667
0 0.15203252032520326 0.575609756097561 0.06341463414634146 0.27317073170731704
0 0.2113821138211382 0.5886178861788618 0.04552845528455282 0.3317073170731707
0 0.26991869918699185 0.5886178861788618 0.05853658536585363 0.2861788617886179
0 0.3536585365853659 0.5951219512195123 0.06341463414634148 0.29918699186991865
0 0.4317073170731707 0.583739837398374 0.060162601626016256 0.2634146341463415
0 0.5471544715447155 0.5788617886178862 0.0536585365853658 0.2926829268292683
0 0.6032520325203252 0.583739837398374 0.04878048780487809 0.2569105691056911
0 0.7178861788617885 0.5772357723577237 0.07967479674796735 0.26341463414634153
0 0.8130081300813009 0.583739837398374 0.05203252032520325 0.26991869918699185
0 0.8829268292682926 0.5609756097560975 0.035772357723577244 0.2829268292682926
0 0.9357723577235773 0.583739837398374 0.03414634146341456 0.28943089430894303
