1 0.43404565610210505 0.4993071695303962 0.01333371847162539 0.0734400297780303
1 0.45991306993705805 0.497228678121584 0.01280036973276026 0.060969081325157076
1 0.4851137978484298 0.49307169530395967 0.010933649146732734 0.06928304696040577
1 0.5049810383711515 0.4896075429559394 0.013867067210490304 0.07066870789961399
1 0.5260483135563194 0.4916860343647515 0.012800369732760188 0.06928304696040605
1 0.5471155887414874 0.48891471248633533 0.012267020993895272 0.060969081325157146
1 0.5712496191751292 0.49030037342554345 0.01360039284105774 0.06374040320357338
1 0.5948503008699059 0.4944573562431678 0.011733672255030357 0.06374040320357338
1 0.6145842042079114 0.49376452577356367 0.01066697477730024 0.05958342038594907
1 0.6345847819153492 0.49307169530395967 0.013333718471625176 0.060969081325157146
1 0.6588521495337073 0.4889147124863353 0.01066697477730031 0.06651172508198969
1 0.6859195980311066 0.49030037342554345 0.014133741579922799 0.06374040320357338
1 0.7097869540953158 0.5006928304696042 0.011733672255030428 0.054040776629116535
1 0.7291208458791724 0.49099320389514745 0.010933649146732734 0.06512606414278146
1 0.7513881557267866 0.4944573562431678 0.008000231082975233 0.05542643756832476
1 0.7741888143132658 0.4923788648343556 0.010933649146732734 0.0651260641427816
1 0.7969894728997451 0.49099320389514745 0.009066928560705208 0.07344002977803016
1 0.819656794301508 0.49584301718237583 0.00800023108297509 0.06374040320357338
1 0.8405907323019598 0.497228678121584 0.008266905452407514 0.05542643756832469
1 0.8691248898312377 0.4965358476519799 0.010400300407867746 0.059583420385949
1 0.8945922921120419 0.4909932038951478 0.009600277299570192 0.06235474226436498
1 0.9168596019596564 0.4993071695303962 0.009866951669002618 0.07066870789961406
1 0.937126854036527 0.49030037342554345 0.008266905452407656 0.06374040320357338
1 0.957260768928681 0.49445735624316767 0.011200323516165298 0.0665117250819896
1 0.9791280672221465 0.4944573562431681 0.009066928560705352 0.07482569071723871
1 0.4061863069976896 0.48649869416481567 0.013228037552414093 0.07609826925285859
1 0.38539939084389585 0.4975452171208758 0.013228037552414022 0.07855305213198313
1 0.3667384092967403 0.4950904342417513 0.011810747814655471 0.09328174940672987
1 0.34547906323036043 0.493863042802189 0.012755607639827886 0.07118870349460962
1 0.32067649281958394 0.4975452171208758 0.01417289737758658 0.0589147890989873
1 0.2946928476273418 0.4950904342417513 0.01322803755241413 0.07855305213198313
1 0.27225242677949646 0.49386304280218907 0.01275560763982785 0.07609826925285866
1 0.25311901531975456 0.49386304280218907 0.01322803755241413 0.08100783501110755
1 0.23374938890371957 0.49631782568131344 0.010393458076896813 0.08100783501110762
1 0.21532462231285707 0.4963178256813135 0.0113383179020693 0.06627913773636067
1 0.19312041642130473 0.49631782568131344 0.01039345807689685 0.08100783501110762
1 0.16666434131647648 0.5012273914395624 0.01417289737758658 0.07609826925285859
1 0.14233420081828618 0.4950904342417512 0.012755607639827905 0.07855305213198313
1 0.12154728466449255 0.5000000000000001 0.012755607639827922 0.07855305213198313
1 0.09934307877294024 0.5012273914395624 0.014645327290172786 0.08100783501110762
1 0.08257181687612947 0.509819131516498 0.012283177727241688 0.08346261789023196
1 0.06070724376732917 0.4877260856043779 0.010865887989483047 0.06873392061548515
1 0.03968411265724241 0.4963178256813135 0.014172897377586566 0.06627913773636067
1 0.019369626416034985 0.4950904342417513 0.014172897377586575 0.08346261789023203
