1 0.46439930982813565 0.4856110966138246 0.007916209408195414 0.07131891243582643
1 0.49078667452212016 0.4943695595445402 0.009675367054461006 0.05630440455459983
1 0.4361428401349939 0.48373428312867134 0.009455472348677815 0.0600580315249065
1 0.0051675255859053 0.4912415370692846 0.009895261760244191 0.06756528546551976
1 0.027266943517117333 0.48248307413856906 0.007036630585062538 0.07006770344572416
1 0.05035588762435378 0.4849854921187736 0.007476419996628945 0.08007737536654197
1 0.07300504232002383 0.4899903280791824 0.00791620940819536 0.06756528546551976
1 0.09785314407352591 0.4881135145940291 0.008355998819761776 0.061309240515008696
1 0.12720908729558367 0.4906159325742335 0.00769631470241217 0.07382133041603091
1 0.15381634669535138 0.4924927460593868 0.01253399822964262 0.07006770344572423
1 0.17635555403812983 0.49061593257423347 0.010554945877593837 0.061309240515008696
0 0.19768534049910025 0.4868623056039267 0.008795788231327997 0.0588068225348042
0 0.2424339131259827 0.4931183505544379 0.012533998229642655 0.06381165849521317
1 0.2208842319592287 0.48936472358413124 0.008575893525544949 0.06881649445562196
0 0.26244433135225426 0.4881135145940292 0.011654419406509823 0.0638116584952131
1 0.28861180134045566 0.4849854921187736 0.009015682937111365 0.07507253940613304
1 0.3125803242708249 0.4862367011088758 0.00945547234867778 0.057555613544702025
1 0.33467974220203695 0.48373428312867134 0.009235577642894555 0.0775749573863375
1 0.3587582124852978 0.48686230560392685 0.006816735879279498 0.07382133041603091
1 0.3856953139437403 0.48373428312867134 0.008355998819761795 0.08257979334674644
1 0.41186278393194165 0.487487910098978 0.011434524700726598 0.0625604495051109
1 0.5133441906508903 0.48686230560392685 0.009015682937111294 0.06881649445562196
1 0.5406111341680078 0.4931183505544379 0.011654419406509789 0.061309240515008696
1 0.563480183569461 0.4887391190890802 0.0107748405833771 0.07257012142592871
1 0.5882183379700715 0.4908244642239282 0.008355998819761653 0.07423839371542024
1 0.6129564923706821 0.48748791009897796 0.009455472348677815 0.06005803152490643
1 0.6378045941241841 0.48623670110887574 0.009895261760244196 0.06256044950511082
1 0.6601239067611792 0.4912415370692846 0.010115156466027458 0.06506286748531537
1 0.6854117979262477 0.48811351459402913 0.010554945877593695 0.07382133041603091
1 0.7152075305598719 0.48873911908908013 0.01165441940650993 0.05755561354470202
1 0.7445634737819298 0.48248307413856906 0.006157051761929608 0.08007737536654197
1 0.7687518914180822 0.4862367011088759 0.007036630585062511 0.06756528546551983
1 0.7914010461137522 0.4862367011088759 0.006157051761929608 0.06756528546551983
1 0.8177884108077365 0.49186714156433603 0.01055494587759409 0.07632374839623522
1 0.8382386184455746 0.49249274605938687 0.007476419996628891 0.06506286748531537
0 0.8586888260834127 0.4918671415643358 0.01143452470072674 0.06631407647541757
0 0.878809191662576 0.4849854921187736 0.01297378764120907 0.07507253940613304
1 0.9031075566516199 0.48686230560392685 0.00571726235036337 0.058806822534804154
0 0.9303745001687374 0.49249274605938687 0.013633471758558642 0.06506286748531537
0 0.960610022213928 0.4831086786336202 0.01165441940650993 0.0788261663764397
