0 0.07013655462184873 0.20448179271708652 0.13177170868347335 0.19047619047619022
0 0.08076330532212882 0.5126050420168063 0.1402731092436974 0.27450980392156843
0 0.20828431372549028 0.20728291316526587 0.1190196078431372 0.21848739495798314
0 0.08501400560224083 0.8389355742296916 0.14452380952380942 0.2717086834733892
0 0.2252871148459379 0.8305322128851533 0.13177170868347304 0.27731092436974775
0 0.22209908963585356 0.5210084033613435 0.12964635854341747 0.30252100840336116
0 0.35387079831932766 0.2156862745098037 0.1423984593837536 0.19607843137254888
0 0.39744047619047584 0.5266106442577031 0.19978291316526686 0.3081232492997197
0 0.3985031512605041 0.838935574229691 0.2019082633053223 0.2773109243697477
0 0.5005199579831933 0.21428571428571427 0.12964635854341736 0.22689075630252098
0 0.6365423669467786 0.2142857142857143 0.14239845938375326 0.2324929971988795
0 0.8288865546218487 0.20588235294117646 0.21253501400560226 0.2380952380952381
0 0.5674684873949579 0.48179271708683474 0.13177170868347346 0.15126050420168063
0 0.7056162464985993 0.5098039215686273 0.12752100840336125 0.1400560224089636
0 0.862892156862745 0.49579831932773105 0.1700280112044817 0.1120448179271709
0 0.5621551120448179 0.7983193277310923 0.1211449579831934 0.1008403361344537
0 0.6896761204481793 0.7983193277310923 0.12539565826330532 0.09523809523809518
0 0.860766806722689 0.799719887955182 0.182780112044818 0.10364145658263296
