1 0.4769066445257865 0.493440263547037 0.0042032804571356846 0.05247789162370467
1 0.45448914875439145 0.4946329429021212 0.0038029680326473426 0.03339502194235756
1 0.4421795417013488 0.49880732064491584 0.004003124244891865 0.0369730600076101
1 0.46609820906457794 0.49701830161228955 0.005003905306114831 0.05247789162370473
1 0.4893163296849509 0.4964219619347475 0.005003905306114831 0.034587701297441736
1 0.5008253118890161 0.49761464128983157 0.004803749093868513 0.04889985355845203
1 0.5127346065175687 0.49821098096737365 0.005404217730603812 0.04532181549319944
1 0.5241435106155103 0.4958256222572054 0.004603592881625979 0.050092532913536304
1 0.5354523366073299 0.493440263547037 0.004003124244891936 0.05486325033387303
1 0.5476618655542503 0.4958256222572054 0.0044034366693809805 0.0691754025948834
0 0.5595711601828041 0.5067585133123367 0.005804530155093635 0.057646162762788604
0 0.22200770823229438 0.5077524158080474 0.016012496979567567 0.0977997071169041
1 0.15595615819157807 0.49701830161228955 0.005604373942848681 0.04770717420336794
1 0.16816568713849833 0.4994036603224579 0.004403436669381086 0.045321815493199365
1 0.19048310480377073 0.49403660322457893 0.005404217730604089 0.0369730600076101
0 0.20369341481191394 0.505367057097879 0.012609841371409516 0.0548632503338731
1 0.25973715424040056 0.49522928257966325 0.0058045301550932035 0.04651449484828369
1 0.17857381017521726 0.49284392386949494 0.005604373942848646 0.03458770129744167
1 0.24810989791091895 0.4976146412898315 0.004912925209640023 0.044454412325865535
1 0.2694902205825006 0.4965303873306634 0.004003124244891597 0.03794888857086066
1 0.29305406556947805 0.4943618794123292 0.005276845595539399 0.040117396489195656
1 0.2818635137030756 0.49707251431024774 0.005094885402589604 0.045538666285032864
1 0.30378971695350626 0.4992410222285827 0.004185084437841482 0.04337015836669807
1 0.01053522223149425 0.4920627188919147 0.004601591319503234 0.060611964825378804
1 0.0222813895470683 0.5036078550491296 0.004843780336319197 0.07215710098259386
1 0.03305880079537851 0.5000000000000001 0.004601591319503235 0.05628253876642333
1 0.04504715712776853 0.5014431420196519 0.005812536403583035 0.04762368664851195
1 0.06975043684299646 0.49927842899017383 0.008234426571742611 0.051953112707467594
1 0.10078788745260246 0.4985568579803477 0.009411836435324516 0.0476236866485119
1 0.11322336536146117 0.49927842899017405 0.008476615588558598 0.051953112707467636
1 0.0806489425997146 0.4963921449508703 0.007750048538110708 0.037521692510948765
1 0.14579778812320782 0.4971137159606964 0.004359402302687228 0.036078550491296865
1 0.31533009989437966 0.4942274319213925 0.00532815836995109 0.04762368664851202
1 0.33870134001711977 0.4949490029312183 0.005085969353134992 0.046180544628860155
1 0.3508107908579177 0.4978352869705216 0.005085969353135311 0.051953112707467615
1 0.36207258013985993 0.49639214495087036 0.004359402302687301 0.06638453290398644
1 0.37284999138817015 0.5007215710098261 0.004117213285871273 0.06061196482537895
1 0.38471725321215217 0.5036078550491297 0.0046015913195032 0.05772568078607506
1 0.3957368534772783 0.49855685798034827 0.004843780336319128 0.04762368664851202
1 0.4306120718987765 0.49927842899017416 0.004843780336319199 0.040407976550252585
1 0.41935028261683444 0.5007215710098261 0.006054725420399052 0.04329426058955633
1 0.5704762291099933 0.4935058609115666 0.007507859521294762 0.04329426058955633
1 0.5822223964255673 0.5014431420196517 0.005328158369951367 0.03896483453060068
1 0.5927576186570616 0.5000000000000001 0.005085969353135269 0.05339625472711944
1 0.6037772189221878 0.49422743192139257 0.009203182639006541 0.050509970687815695
1 0.6172187093554736 0.500721571009826 0.005570347386766983 0.04906682866816389
1 0.6336989401645573 0.4982985733034884 0.01142138065973505 0.07486277464651088
1 0.4069238621283198 0.5023241946540695 0.006630813169028613 0.058104866351738595
1 0.6446580166296693 0.5011620973270348 0.007800956669445327 0.05113228238952999
1 0.657139547300782 0.4976758053459304 0.01014124367027918 0.048808087735460505
1 0.6698161018886307 0.4976758053459304 0.00975119583680666 0.06275325565987785
1 0.6819075847262712 0.4918653187107565 0.010531291503751419 0.05113228238952999
1 0.6936090197304392 0.4976758053459304 0.009751195836806942 0.06275325565987785
1 0.7051154308178714 0.4976758053459304 0.007800956669445327 0.04415969842732139
1 0.7172069136555117 0.49418951336482614 0.008581052336389944 0.05113228238952999
1 0.7296884443266245 0.49186531871075656 0.009361148003334421 0.06042906100580822
1 0.740414759747112 0.49767580534593053 0.00975119583680666 0.058104866351738664
1 0.7511410751675994 0.4953516106918609 0.010141243670279038 0.048808087735460436
1 0.763622605838712 0.4930274160377913 0.010141243670278896 0.04880808773546036
1 0.7757140886763526 0.4965137080188957 0.010141243670279038 0.04648389308139095
1 0.7868304519303121 0.4918653187107562 0.007410908835973378 0.06507745031394735
1 0.7997020304348973 0.49186531871075656 0.00975119583680666 0.06042906100580822
1 0.8231049004432331 0.4953516106918602 0.007410908835972737 0.04880808773546037
1 0.8112084415223292 0.4895411240566871 0.009361148003334563 0.05113228238952999
1 0.8357814550310824 0.49883790267296524 0.010141243670279038 0.05578067169766911
1 0.8482713927792862 0.4953516106918609 0.009361148003334563 0.048808087735460436
1 0.8593877560332459 0.4930274160377914 0.010531291503751419 0.05345647704359955
1 0.8720643106210947 0.49186531871075667 0.009361148003334563 0.06507745031394734
1 0.8839607695419991 0.49883790267296535 0.009751195836806802 0.05113228238952999
1 0.8952721567126949 0.49418951336482614 0.008971100169862325 0.05113228238952999
1 0.9071686156335992 0.4895411240566871 0.010921339337223657 0.05113228238952999
1 0.9194551223879759 0.4953516106918609 0.00975119583680666 0.048808087735460436
1 0.9309615334754078 0.4941895133648262 0.010141243670279038 0.04183550377325176
1 0.9438331119799928 0.49186531871075667 0.009361148003334563 0.06507745031394734
1 0.9568997144013138 0.5023241946540696 0.010531291503751277 0.0674016449680169
1 0.9693812450724266 0.5011620973270348 0.00975119583680666 0.06042906100580829
1 0.9822528235770116 0.5011620973270348 0.010531291503751419 0.06507745031394727
1 0.9945393303313881 0.5034862919811044 0.009361148003334421 0.07902261823836461
1 0.32882594959958394 0.4907194907463003 0.012459687992438191 0.06496356477589792
0 0.1349799532514143 0.5 0.012459687992438245 0.07115057094503094
1 0.05866436429773006 0.5015467515422833 0.009344765994328678 0.061870061691331274
