1 0.4900950636102662 0.5008856906750886 0.005252617782434612 0.027917234332956228
1 0.5094547120083821 0.5021943110344459 0.0037518698445961006 0.03576895648910025
1 0.47208608835620497 0.5035029313938032 0.004952468194866881 0.03315171577038555
1 0.5256627897370373 0.4995770703157313 0.00465231860729908 0.03751378363491
1 0.40297664581874476 0.5017581042479935 0.00510254298865064 0.029662061478766048
1 0.4213608080572655 0.49957707031573123 0.0058529169575702155 0.03751378363490982
1 0.4380191101672723 0.497396036383469 0.005852916957570002 0.041875851499434305
1 0.45550282364309014 0.5004494838886361 0.00570284216378603 0.03402412934329049
1 0.016433189919330918 0.49914086352927883 0.004952468194866855 0.029662061478766048
1 0.03526757653920333 0.5008856906750886 0.003901944638379944 0.029662061478765905
1 0.05230106563366963 0.5010310907185769 0.004952468194866855 0.029952861565742596
1 0.06880929294989246 0.49870465674282644 0.0055527673700022364 0.02704482076005128
1 0.08651811861638606 0.5001586771456721 0.004952468194866828 0.028208034419932984
0 0.10242604675747352 0.49695982959701657 0.007653814482976049 0.030534475051670854
0 0.11743352613585792 0.4957966092811476 0.010655310358652947 0.033442515857362236
0 0.13386671605518885 0.49666902285405246 0.00990493638973371 0.03867699729479149
0 0.16493219836844453 0.49870465674282627 0.00990493638973371 0.037513783634909925
1 0.18414177197277654 0.49521500245120686 0.004502243813515356 0.03751378363491
1 0.20162548544859438 0.49957707031573123 0.006153066545137591 0.04274826507233939
0 0.21640785263630302 0.5017581042479935 0.009304637214598302 0.029662061478766048
0 0.23314119214320161 0.4982684499563739 0.00945471200838213 0.03664137006200505
1 0.25130024219104674 0.497396036383469 0.0061530665451376265 0.0348965429161953
1 0.26825869388862117 0.4995770703157312 0.00495246819486681 0.025299993614241602
0 0.28334121066389745 0.5004494838886361 0.011405684327572132 0.027044820760051352
1 0.3175582636466139 0.49914086352927883 0.006903440514056847 0.03838619720781487
1 0.30052477455214766 0.5035029313938033 0.008254113658111456 0.03664137006200505
1 0.33301596740634987 0.49870465674282644 0.006903440514056882 0.0410034379265295
1 0.3507247930728434 0.49695982959701657 0.007803889276759932 0.0410034379265295
0 0.36625753422947127 0.5035029313938033 0.012756357471626742 0.033151715770385476
1 0.38561718262758715 0.5026305178208983 0.004352169019731491 0.026172407187146404
1 0.542520379528596 0.49914086352927883 0.006603290926489151 0.027917234332956297
1 0.5610546165609007 0.5004494838886362 0.006753365720273123 0.039258610780719676
1 0.5771126194957721 0.5000132771021838 0.007053515307840641 0.03838619720781487
1 0.5930205476368596 0.49914086352927883 0.007953964070543834 0.03838619720781487
1 0.6111045602878127 0.5008856906750886 0.005102542988650666 0.03489654291619526
1 0.6288133859543064 0.49826844995637404 0.006002991751353761 0.029662061478765978
0 0.6462970994301241 0.4991408635292787 0.010355160771085252 0.03664137006200505
1 0.6660319348127004 0.4987046567428247 0.007203590101623689 0.030534475051671003
1 0.6821649751444628 0.501321897461541 0.007953964070543692 0.03053447505167078
1 0.7009993617643352 0.49957707031573123 0.004202094225947662 0.030534475051670923
1 0.7191584118121804 0.49914086352927883 0.005402692576218442 0.02966206147876612
1 0.7380678358289454 0.4995770703157285 0.004202094225947749 0.03402412934329035
1 0.7545010257482757 0.5021943110344459 0.006753365720273052 0.027044820760051352
1 0.7723599262085524 0.500885690675088 0.006153066545137657 0.027917234332956488
1 0.7908941632408579 0.4991408635292787 0.0048023934010829805 0.027917234332956155
1 0.8084529141135676 0.4969598295970165 0.005102542988650783 0.034024129343290424
1 0.825186253620466 0.4947787956647543 0.005852916957569931 0.03664137006200505
1 0.8425198923025001 0.5000132771021836 0.004502243813515321 0.033151715770385476
1 0.8597034561907503 0.4969598295970165 0.004352169019731349 0.039258610780719676
1 0.87726220706346 0.5008856906750885 0.006453216132705251 0.03315171577038555
1 0.8935453221890072 0.500449483888636 0.00510254298865064 0.028789647905861172
1 0.9106538486803654 0.4995770703157312 0.004502243813515178 0.034024129343290355
1 0.92918808571267 0.5008856906750885 0.004652318607299009 0.03315171577038555
1 0.9482475845232183 0.4991408635292787 0.004652318607299151 0.03315171577038555
1 0.9656562606021442 0.5008856906750886 0.006153066545137591 0.03664137006200512
