1 0.10910310069973934 0.24789915966386553 0.07972918897288644 0.15406162464985992
1 0.1164465786314526 0.696078431372549 0.08182732552480453 0.16526610644257708
1 0.3168186193396278 0.6876750700280112 0.08812173518055876 0.1708683473389357
1 0.4343142662470394 0.6904761904761905 0.08392546207672254 0.15406162464986004
1 0.2696105469214713 0.242296918767507 0.06504223310946003 0.17086834733893552
1 0.5602024593621233 0.696078431372549 0.10490682759590314 0.15966386554621856
1 0.7679179780020117 0.6876750700280112 0.1007105544920671 0.18207282913165274
1 0.9021987173247679 0.6876750700280112 0.10490682759590328 0.1708683473389357
1 0.5853800979851401 0.2464985994397759 0.0839254620767226 0.15126050420168066
1 0.4311670614191623 0.25210084033613445 0.08602359862864063 0.15126050420168063
1 0.744838475930913 0.23669467787114848 0.1007105544920671 0.17086834733893558
1 0.8948552393930547 0.24089635854341737 0.09021987173247666 0.16806722689075626
